   0.0000000000000000     
   0.0000000000000000     
   2845.2334394826703     
   69.558173136912586     
  0.33161435575640436     
   132.06980280242823     
   7.3884302483975872E-002
  0.21810407007930763     
   0.0000000000000000     
  0.36693726085036954     
   142414839489062.06     
   142414839484639.62     
   0.0000000000000000     
   40947093.984036513     
   2564747.3668951872     
   1499213.9790925803     
   3524094.2790756971     
   2502432.4838584764     
   206.03208561918845     
   13633.923177780522     
   14420.275094163564     
   2421.8999411374339     
   113538.75953788543     
   4.8655058759927128     
   31.963220403673915     
   12.890665457287769     
   105619.94535452842     
  0.24262362438887117     
   2.9584062211348461E-002
   1.9726436839160531E-004
   2.0197141278152482E-008
   3.2413395521875430E-009
   5.6301908141778359E-005
   4.1346713970454382E-004
   1.7355325594143031E-002
   1.1570217062762022E-002
   4.1710835616135186E-008
   1.1769717692114956E-002
   3.4400007669731411E-008
   8.9774473877514565E-010
   8.4803588264678424E-003
   7.4427333596898196E-004
   4.7637401460618066E-012
   1.0835399275488053E-002
   2501.9117852702129     
   4.4829171324542065E-004
   640.79658584232220     
  0.70277331621375971     
   6.6144751284003350E-002
   8.5990962353521549E-003
   3896.7906163633643     
   2.8542481344255419     
  0.49534570518860932     
   4.5418499816125175E-003
   1.0686360390251412E-002
   5.5200809848118789E-003
   297.38818627968567     
   28.231973455132525     
   2844.9009668752124     
   6.3862844975707524     
   106241.04655371550     
   105973.21694561337     
   6.8353626000484415E-005
   4.8525879631178227E-003
   3897.1091402444399     
   3.8101649823132169     
   3.4168193125617793E-002
  0.14067686713777522     
   1.0176563938752402E-002
  0.18179046892990749     
   5.2991567422740128E-004
   203.55686153449352     
   218.46241776606871     
   3.3861318803964320E-005
  0.36923498842126090     
   6.4469332064814999E-005
   7.5146150215672107E-006
   2.9456135383394870E-006
   14.738407119646379     
   55.974201944284985     
   18.374001915009192     
   2.6047389816619436E-002
  0.16315377219524099     
   18.659346316531376     
   4416.4003187829530     
   2.7962100669400650E-003
   9.4377511132955618     
  0.78469133189242279     
   2.3416304100817928     
  0.11230237947546723     
   8.0861017719325891E-003
   1.7732741903818461E-006
   5.9718470837840552E-006
   2.2895745770274085     
   2.1338844517606753E-009
   13.827291197724218     
   13.780735738162623     
   9.3564153907313743E-008
   4185.1617132534411     
   8.7972151046912018E-004
   0.0000000000000000     
   5.7985528636245783E-003
   0.0000000000000000     
   0.0000000000000000     
   0.0000000000000000     
   10689.029254990046     
   0.0000000000000000     
   0.0000000000000000     
   0.0000000000000000     
   0.0000000000000000     
   0.0000000000000000     
   0.0000000000000000     
   0.0000000000000000     
   0.0000000000000000     
   96.869618710172901     
   5520.5232439124711     
   442.37303892738254     
   1.6016097396665020E-002
   642.16128324336603     
   30.316221504280303     
  0.13742571981603871     
   9.8242726809000453E-004
   1.6024066661864832E-003
   1.7602420383790200E-003
   1077.1840132410698     
   56.693896989960038     
   232.72035378188392     
   1.0243809448024381     
   6.3891858545887512E-002
   2.4090372766419982E-002
   1.6758519506744864E-002
   3289.9762396829628     
   71208.804222581457     
  0.54666441050737813     
  0.14315365573377725     
   1.5905962406578877E-002
   5.0968505222147797E-004
  0.45666692044983442     
   72623.856108750144     
   18.264830233023240     
   7.4602827820329898     
   59.266882578536524     
   14.816720644634131     
   88.792222472262310     
   1.8509320716158151     
   29.279488385975252     
   31.063625163858497     
   4.6269138647763216E-003
   5.1410156181045275E-004
   2.8908085592164578E-003
   8.7981127620213309E-004
   4.1895776989588318E-004
   106.33634607615556     
   2301.5619256299883     
   1.7677745451500894E-002
   4.1607331400420700     
   1.5404525021445688E-005
   1.2151583637217764E-005
   2319.2110103069849     
  0.41962209403182021     
  0.89715396814946435     
  0.28593032035019833     
   146.45859364650650     
   49.933003080142072     
   62.784159426136561     
   9.5947882222357323E-005
   1.0660876243760350E-005
   8.6878881556738148E-005
   2.2050869126702519     
   3.6658176229511830E-004
   47.727275463011807     
   21.366204903042757     
   4.3440626577293235E-005
   1.8805683934069783E-004
   4.2343764344890504E-003
   416.68953813497143     
   22.759507224507274     
   1.7923165025841108E-002
   1.9914628136213546E-003
   1.3426596329895688     
   3.5719541119195448E-003
   5.0616861602517113E-003
   2.2444266807077552E-003
   162.35229596429994     
   152.50362396083040     
   2.9615236303968918E-004
  0.13842177501372199     
   9.3905703951086730E-002
   1.6571595008572949E-002
   3276.2951021115414     
   32.560096771801433     
  0.72946062579825033     
   2.8672171768728935E-004
   2.9144291920752167E-004
   1.7322993176961625E-004
   1.5275434112678953E-004
   8.0796180135554504E-003
   1.3431854286840316E-006
   2.1964859401937799E-007
   6.6849570236699660E-008
   3.1833130152370732E-008
   3.5156085372956973E-007
   3.9062318697935248E-008
   3.0584723734743186E-008
   2.8053733817529309E-008
  0.12108991032064806     
  0.37336646904598592     
   18.627978052589803     
   2.7240367829774397     
   1318.7875321289971     
   1316.2644326846350     
   1.2000027937031540E-005
   1.0883254327914152E-006
  0.19863422500463732     
  0.61509052894552307     
   5.8165419328567751E-003
  0.59894970095088573     
   4.1704950504392993E-005
   1.0585200787919802     
   22.910788274760673     
   5.1175993692310196E-005
   23.370996992669301     
   17805.288945715467     
   17777.986069739487     
   1.7415750708781233E-005
   1822.3528510565257     
   7.4763889169090501     
   8.5777150412367862E-006
   0.0000000000000000     
   0.0000000000000000     
   0.0000000000000000     
   0.0000000000000000     
   0.0000000000000000     
   0.0000000000000000     
   0.0000000000000000     
   14.090001534130074     
   7.8641869820853314     
   7218.7701638962899     
   3359.7105332172400     
   3.7982516159635604E-002
   34.102033381284933     
   9.0959793959493229     
  0.56753907291362726     
  0.28376953645681363     
   6.7787413085732301E-002
   1.1281440360973573E-003
   2.9987636790805778     
  0.10412980122049721     
  0.33870538221891161     
   26.254049763453320     
   167.20006973078685     
   62.117170428861556     
   5.8167813897974617E-002
   7.5042714616080407E-004
   2.7970084257121532E-002
   156.31112123571467     
   39.754831228568811     
   6759.1905884283506     
   5099.0386628786946     
   464.74608396348196     
   242.99248547489574     
   1.3869386275987642E-002
   248.40797442887427     
   13.567998644611734     
   3.4153592534983735E-005
   2.0181727422083685E-003
   5.1353178183177446E-003
   2.2586565762270153E-003
   40.453722599275963     
   2.2095750132757233     
   1.2567088531283805E-004
   7.1719264597878851     
   3.6754806562637671E-004
   6.4861424103878617E-005
   13.280711299028907     
  0.22531056012205006     
   6.1400497447465160E-004
   2.7932937645009457E-003
   2.2399541512705366E-003
   5.7975324614510555     
   24.256913648275162     
  0.53841714781661287     
   3.2357080587871218E-003
   2.4532456285307250E-003
   1.8078411560745779E-002
   2.0087124288963613E-003
   408.43770505337636     
   39.313059090172700     
   9.8709835572140803E-002
   2.4704625142607712E-003
   9.6145253994994288E-003
   9.7429828780529939E-003
   217.17534232054399     
   4.7877846443856592E-002
   5.8824136694886576E-003
   2.9936054084965277E-003
   13.005489342212682     
  0.14072523232744780     
   2.3168629114318835E-006
   1.0852794760736291E-006
   1.5139181499321871E-003
   2.6423408179505257E-004
   6.3162917480508689     
   2.4085881439961395E-004
   4.2504497155513322E-005
   1.3924713697995683E-003
   4.7671944665372661E-006
   2.0201607183683613E-006
   2.5192043929592727E-006
   3.2211254224244601E-006
   9.8138237747250905E-009
   8.9456513067849349E-009
   1.5786443667060736E-009
   2.3459113867529158E-004
   2.6752810101908837E-008
   3.3361601440883388E-008
   2.5380316116080050E-008
   2.5335436854011801     
   1.3691349584160768     
   510.40901476105029     
   508.92574094504226     
   4.5605020718949548E-007
   8.8339966696048206E-004
   9.7041360553907011E-004
   1.5647918926588240E-004
   220.03031899194198     
   146.34030898942490     
   2.4598284912470025E-002
   2.7331428811827865E-003
   1.5368544702841798E-002
   4.6773830405572418E-003
   2.2273253601383385E-003
   565.32103552758463     
   12235.904459197558     
   12434.838983845159     
   3.2298896293358178E-005
   9.3398425733366139E-005
   2.3048216747252084E-005
  0.84990049646575494     
   1.8797303038410812E-005
   2.2587744612305555E-011
   1.0148117013871430E-011
   8.3087419279849048E-007
   1.7983582074223301E-005
   1.3812758313130122E-010
   4.0170057518686934E-011
  0.66124835389843162     
   1.2416389541353662E-006
   6.6307566268285948E-006
   2.7316513232229049E-006
   2.5131194744266727     
   1287.5535773614852     
   507.01399839938415     
   5.6229967297337380E-004
   7.7404227134352258E-002
   3.3952523531007008     
   2.7437106948414671     
   1.0297749017003817     
   6.8390549969016257E-004
   7.5989503110939784E-005
   15.717606599956646     
   340.19454539638900     
   1.3004516359483770E-004
   6.1926271234697316E-005
   4.2729126367583816E-004
   347.22521480570134     
   1.5283737111646298     
   4.6049460083432929E-006
   2.7507408032796877E-004
   3.0563787968207432E-005
   6.3217888763851340     
   5.2305550683766167E-005
   1.7186109987572229E-004
   2.4907406236303051E-005
   136.82987159760836     
   1.2964592409097114E-006
   1.8297073309797210E-006
   133.36820073333263     
  0.12607466910601944     
   7.2862210165726068E-006
   1.0513714641056517E-004
   5.1160209034342393E-004
   1.1387272480208063E-003
   36.786561790908230     
   8.1098587795615396E-003
   2.0155514882223176E-004
   1.3564921994541258E-004
   6.0943851653807050E-005
   4.9897605121888882     
   107.99922356407842     
   8.2951614808405801E-004
   2.4123864781982983E-004
   6.2024877595971417E-003
   1.5589790527744383     
   106.71082635887107     
   2.6358269168498615E-002
   8.7068630556835699E-006
   98.514818041713951     
   1.0670579061279911E-005
   7.3151724370801004E-005
   5.3179359797339955E-003
   11.469168857067293     
   78.626424505749981     
   8.6719059764904678     
   2.7718297179119352E-003
   1.9002166833031076E-002
   1.4217430236089267E-003
   2.1672456460785212E-004
   3.9477300170686659E-003
   54.684993827204110     
   9.0063769000475826     
   1.0995084339951557E-006
   2.8808369515787437E-003
   48.806665314102133     
   4.6977526652120201     
   1.1973243692414721E-003
   3.3242113000006912E-005
   4.1779695165797652E-002
   1.3479324762695442E-006
   5.2371158898015864E-004
   8.8726355132537460     
  0.85401137040598463     
   2.2139866083265114E-004
   3.9484911844176433E-004
  0.36452186395463371     
   788.80651174408581     
   41.623031901214603     
   12.141233677326962     
   6.3963231492552490E-004
   11.582320518291054     
  0.29726701341453748     
   1.1858512018022438E-004
   1.8607044924415439E-004
   1.1708868874582481     
  0.41173739397904124     
   2.8300215717461255     
   421.93035165943439     
   2.2920269597684166E-004
   34.543507277583473     
   92.638473475393980     
   7.3893571423734681     
   8.4900962297355476E-004
   9.4334406457317695E-005
   5.3044520747043107E-004
   1.6143984126930914E-004
   7.6876118435876829E-005
   22.519799919555705     
   422.32215248378515     
   3.2437552198795482E-003
   2.3274579095225688E-006
   6.1584969268844167E-005
   3.4898148844483904E-004
   7.3246999392039971     
  0.30055587233710263     
   1.6810417929547545E-003
   1.3579861201641546E-002
   2.2948425158109784E-002
   8.5328651618352246E-003
  0.13859831438996922     
   7.2866880770854383     
  0.30080982887083985     
   8.7427264615158061E-006
   3.2510238864149503E-006
   4.3776142811893543E-004
   3.1613639972451359E-004
   2.0788362882376622E-003
   42.450618878661111     
   2.0300718003542331     
   9.8060841313342955E-003
   2.0443196699862311E-002
   4.6583836935758266E-002
  0.86074033868259670     
   9.2391033524025862E-002
  0.57528547573371336     
   7.1604098335392957E-005
   4.0263200659891356E-005
   5.8352465795627417E-006
   1.2254017251894093E-005
   1.4810533287836847     
   2.4621575512464330E-004
   2.1037660293132116E-006
   2.1862034626195470E-006
   1.4658782339299782E-006
  0.23997898175614588     
  0.18216487282407573     
   22.531824357893857     
  0.48640216129991165     
   2.2518096306798116E-002
  0.12762758673943134     
   6.4056987840987629E-003
  0.33758206767591631     
  0.15543269363790674     
   16.377656508340475     
   2.1052078737610370E-003
   2.6334743663779470E-004
   4.8910270037767454     
   1.0782616356784592E-003
   2.6798146596114313E-005
   1.2902496896681046E-003
   2.9976356028476405     
   1.6140161388897336E-004
   6.6085005578554723E-004
   1.2540229657995622E-004
   2.6331428448940649E-004
   1.6138131804190178E-004
   4.8731161030898731     
   1.0743130504311910E-003
   2.6238306048936616E-004
   2.6700012003542114E-005
   9.1162620690072390E-007
   2.9866847446228793     
   1.6081198712137467E-004
   6.5843586132446658E-004
  0.95951183198615808     
   1.7248985235619418     
   1.5154103470589597E-003
   0.0000000000000000     
   0.0000000000000000     
   0.0000000000000000     
   0.0000000000000000     
   0.0000000000000000     
   0.0000000000000000     
   0.0000000000000000     
   0.0000000000000000     
   0.0000000000000000     
   0.0000000000000000     
   0.0000000000000000     
   0.0000000000000000     
   0.0000000000000000     
   7.3204280625435878     
   92.086079154052726     
   69.468447704860864     
   4.8629288954794303     
   3.8643687153578493E-005
   3.2279130844424471E-004
   5.6963172744135263E-005
   6.1044525488073660     
  0.94854705755566093     
   1.5548838487548981E-003
   3.7404737167954567E-004
   1.2277934024479172E-003
  0.17009995518791141     
   5.7589236914753651E-008
   1.1194894204885930E-005
   7.1095847003359234E-007
   1.8623010983357196E-011
   4.5710107470877239E-009
   2.0605065703838766E-010
   6.0135574071184974E-010
   5.0231336780414006E-009
   8.8643536530841638E-010
   9.4994754758758956E-005
   1.4760864203497944E-005
   2.4196405608834531E-008
   1.1386919930789009E-004
   1.2521310137764564E-004
   3.7377044256317013E-004
   1.4640573195037049E-002
   2.1476349972134834E-004
   37.238689816059107     
   24.408156042532429     
   5.1055598587766201E-003
   8.7374354323937228E-004
   3.2869401258984383E-003
   2285.6889042903849     
   105.60298362709598     
   1.9933048044644425E-005
   4.5708801301125532E-006
   2329.7475151322146     
  0.10554667929484260     
  0.11736208355623994     
   60.128446763919769     
   60.731242271601076     
  0.24030097520352414     
   123.11407532160233     
   126.79202574104436     
   1.3060872980613840E-003
  0.32697168251870917     
   2.9380733004995788E-002
   8.6679907041689987E-004
  0.21699832077116382     
   1.3766810215945648E-002
   1.2390503732779314E-002
   8.1405758165077960E-003
   1.1586393553141160E-002
   7.6287928075398038E-003
   1.4903772061834015E-004
   1.9182207418981878E-004
   3.5626203799859653     
   5.4240687727686526E-007
   6.7639855363133584E-007
   8.5852488914564067E-006
  0.15944975466008124     
   8.7363204022301092E-007
   9.8782851369381324E-007
   2.0580363405647278E-004
   2.6488381462576549E-004
   4.9195614232611797     
   4.3396703068454715E-005
  0.42019590507947568     
  0.33263053389336339     
   2.3999200401804751E-005
   4.1071198798968180E-006
   1.5450594444518352E-005
   10.744111828588096     
  0.49639750334892058     
   7.1517392206117061E-008
   10.488078059416711     
   2.7918921044219433E-002
   2.0128518652555136E-002
   1.6265865657977104E-002
   0.0000000000000000     
   0.0000000000000000     
   0.0000000000000000     
   0.0000000000000000     
   0.0000000000000000     
   0.0000000000000000     
   0.0000000000000000     
   0.0000000000000000     
   0.0000000000000000     
   0.0000000000000000     
   0.0000000000000000     
   0.0000000000000000     
   0.0000000000000000     
   0.0000000000000000     
   0.0000000000000000     
   0.0000000000000000     
   0.0000000000000000     
   0.0000000000000000     
   6.4390491817826252     
   1.2446666672007705E-005
   6.4236267733025519E-007
   1.3289107843589214     
  0.16818746247940619     
   1.2248674995887158E-003
   2.3146130796754803E-003
   4.0075418023724106E-004
   8.4158373968213978E-004
   2.7652037928774915E-003
   101.71606367812116     
   2201.5597490895357     
   1.6909652704661469E-002
   4.9176399555299474E-003
   1050.1070663025744     
   42.594045092318233     
   70.207154470566039     
   1.3820855081839762E-002
   9.6646710986271725E-005
   9.0641881341868079E-006
   9.6243198294298647E-004
   1.3948289863911187E-004
   2.9291407363216365E-004
   35.402379063359803     
   766.25510218862132     
   5.8854217636123366E-003
   1.7115895710801345E-003
   1.1972456623636004E-005
   1.1149078575604112     
   20.393596558388296     
   4.3207816709144513     
   8.6611650326755366E-005
   17.823177770888819     
   2298.1819514925128     
   2.5050220980401460E-004
   8.3500739919359408E-005
   6.2032783280323684     
   1.3675567588132317E-003
   3.3988027848291605E-005
   1.9173542318123261E-005
   2.4501096513002374E-004
   4.2952297029387777E-002
   7.5798174771800472E-003
   938.50898936029819     
  0.20690097134715471     
   5.1421309796956414E-003
   1.5652192715623150     
   12.688281280346745     
   20.425680271757475     
   7.8628724950420437E-003
   1.3875657992861357E-003
   171.80400186145704     
   3.7875412243725891E-002
   7.1872032659964459E-003
   16.706484446586913     
   21.415760906879342     
  0.73690282469194734     
   2.7314410660382871E-003
   9.1048039152533480E-004
   67.639679436398282     
   1.4911647662043151E-002
   3.7060070284852554E-004
  0.26116039855731576     
   2.8575862420024863E-005
   9.5252878518425405E-006
  0.70763458810866708     
   1.5600307008068452E-004
   3.8771602393472744E-006
   3.6890891045343706     
   768.57219455864652     
   1.4568210658676977E-004
   1922.6881743226040     
   217.46680730373771     
   2616.3294557025206     
   192.89529547401216     
   1046.4483018599735     
   42.237412709888005     
   186.89121313632123     
   184.50513879694617     
   917.60338077407687     
   34.451764460791722     
   129.32682122280463     
  0.53252125466132916     
   1.0650425693406176     
   1.3148083618957600     
   2.6296168021602053     
   6.9018380794643670E-005
   4.0152412360707531E-004
   5.2277926975649001     
   1.3683899544064078     
   1.4541753071607268E-003
   3.9541155566586698E-005
   2.3003622589356522E-004
   2.9950422183813692     
  0.78396101791969897     
   8.3310809931364980E-004
   1.4772876199463100E-007
   2.5120926687345103E-007
   5.8701585964485676E-007
   6.5712021891696938E-006
   1.4045071109798249E-006
   1.6489106183340589     
   1.8600854893480374E-004
   6.7860982036576133E-003
   7.5401092400155490E-004
   98.171255769909735     
   25.696611931376008     
   2.7307551058797605E-002
   1.7417496065768488E-003
   1.6635287220540210E-004
   9.9812681877267160E-005
   3.2422618873293618E-002
   1.6121929975418041E-005
   7.9005969005411538     
   6.8957426608254682E-004
   3.0162839446620012E-003
   3.3514266606690554E-004
   43.635145516533363     
   11.421626341782616     
   1.2137656331335466E-002
   3.8698273990811347E-004
   2.1161962483244708E-005
   2.5006742224471681E-004
   1.2894774331306859E-005
   4.1245229800300392E-003
   1.5263795975545437E-005
   6.8466179555291511     
   2.4467710792141762E-002
  0.14234434391785303     
   2338.4131531683506     
  0.51551978541119114     
  0.12795572112910308     
   11.260844946914236     
   1724.9497722780200     
   8.3496700505299781     
   8.5694662174666460E-004
   18.673268457113775     
   3.4103941128507181E-003
   1.1342140394462968E-003
   1.5809627892454778     
  0.53818162177182782     
  0.35303915007877101     
   97.113881454414596     
  0.47008259631802879     
   4.6372157929278645E-007
   1.3872033680476533E-005
   7.8608189937325217E-005
   1.5192522506946968     
   3.3492994734588439E-004
   4.4864945309354611E-003
   1.4946935209921787E-008
   5.5568767393566932E-008
   4.1829030224324951E-004
   4.6476702173018894E-005
   2.6133989551164485E-004
   7.9538226860291969E-005
   3.7875347870859627E-005
   9.6132030203220893     
   208.06979806395506     
   1.5981342432543871E-003
   4.9992558429355871E-006
   6.1952747161831709E-007
   218.78181632765680     
   1.1556086056924850     
   5.6441451175221619E-004
   5.7594022553536916E-003
   1.6597097708370785E-010
   4.9649511407212804E-009
   2.8134722801938211E-008
   5.4375683975926533E-004
   1.1987505671046950E-007
   1.0228046659489324E-011
   2.1547826070423739E-003
  0.36579344262701613     
  0.60205299012398028     
   1.3785053586568350E-002
   7.4434282769326177E-003
   1.0961786393592845E-002
   1.0349718473435986E-002
   1.2242086472461153     
   1.6170974181354607E-009
   5.2979611081323237E-003
   2.7412375586621299E-007
   4.8374781012343772E-008
   1.5645376550125662E-005
  0.54061528303342776     
   7.7230648768834752E-008
   9.4084352169671357E-008
   6.6326059413888220E-008
   1.1741883473246305E-002
   2.3342838103727933E-008
   4.2603861091899771E-003
   2.5933905850970124E-007
   4.6587878466998647E-005
   1.3175421883397929     
   2.0947196591069339     
  0.98981107968582194     
   4.2673544531604106     
   3.0303926855542045     
   8.7063532879742681E-006
   4.9336001388588548E-005
  0.95351172962576769     
   2.9104052005456795E-007
   8.8935197948014320E-003
   8.8935197948014320E-003
   1.5890632224416117     
   9.5688336895835362E-005
   14.209869735893651     
   9.2919239850475243E-004
   53.735606069279960     
   7.2317976316976887E-011
   7.2310779860105562E-010
   8.0345312285937772E-011
   9.4306763171373893E-006
   3.7683400311091847E-006
   2.9098168842693843E-009
   1.8226643653253733     
   1.5581437218562953E-003
   6.0594475922360572E-004
   3.2112802374885083E-006
   3.2109606787714679E-005
   3.5677341465942768E-006
  0.58610241204249192     
   1.2921043882931592E-004
   1.2588409124076023     
   1.3442952426625959E-011
   1.3435879123337344E-010
   4.7035767791234288E-008
   1.4742580649688432E-004
   7.1188392157272692E-006
   1.3904009429431862E-003
   1.1583654720634285E-003
   6.2547528420059883E-004
   6.0988464328608823E-004
   11.554382247699179     
   3.0243931830900617     
   7.9869786731930396E-004
   8.8744208949246824E-005
   3.2139945721120122E-003
  0.12617437637216405     
   11.644465291820318     
   1.9463554356021151     
   3.3140645928262029     
   1.1121044165886931     
   1.8935831570774091     
   1.5676186113030399     
   677.50260013037018     
   3.3326388426852399E-003
   608.25201156904882     
   3.7025635699234928E-002
   3.4414527484960691E-004
   1.9351392698948566E-004
   8.6941038541458253E-005
   7.1182727909479118     
   154.06910465176608     
   1.1833678614704515E-003
   153.89695527353612     
  0.81288586450723221     
   3.6069269691041089E-005
   6.5831333309807354     
   3.4062032491828941E-004
   6.0109469805738024E-005
   4.5188469708244896E-005
   1.9489164633334897     
  0.54069740862087790     
   1.7231544634021572E-004
   3.5641586352729302     
   77.143254536643852     
   4.3531859817340706E-005
   9.6893495680895955E-005
   77.479884907747760     
   5.0669025451292116E-003
   5.5364303351143366E-005
   5.8952078010701171E-004
   9.6845656688955692     
   3.4284658350188234E-005
   5.3670965551563487E-005
   9.7956827308919738     
   5.0684202595298528E-004
   8.9442711507625023E-005
   4.4116855981546399     
   1.2239554724127157     
   2.9066427871962395E-005
   2.3799230584754135E-004
   1.9394752538609699E-004
   106.54588092765110     
   4.9226134396581047     
   2.9329199738134441E-006
   2.6007362054249910E-004
   3.7357448286780541     
  0.53670856377752196     
   9.4189269038012725E-004
   5.9208263134479059E-007
   8.0933312905771249E-006
   4.0682490167472038E-002
   2.8170040983913423E-005
   105.83507010110471     
   1.5949882682304715     
   0.0000000000000000     
   0.0000000000000000     
   0.0000000000000000     
   0.0000000000000000     
   0.0000000000000000     
   0.0000000000000000     
   0.0000000000000000     
   0.0000000000000000     
   0.0000000000000000     
   0.0000000000000000     
   0.0000000000000000     
   0.0000000000000000     
   0.0000000000000000     
   0.0000000000000000     
   0.0000000000000000     
   0.0000000000000000     
   0.0000000000000000     
   0.0000000000000000     
   0.0000000000000000     
   0.0000000000000000     
   0.0000000000000000     
   0.0000000000000000     
   0.0000000000000000     
   0.0000000000000000     
   0.0000000000000000     
   0.0000000000000000     
   0.0000000000000000     
   0.0000000000000000     
   0.0000000000000000     
   0.0000000000000000     
   0.0000000000000000     
   0.0000000000000000     
   2.4404985005965130     
   4.3113565377071996E-003
   4.0193856720634642E-003
   6.3670927552264556E-002
   1.1236046563905932E-002
   1230.5613887853610     
  0.27128599675484949     
   3.7560442669302675E-004
  0.12152191360613906     
   17.343674125276006     
   1523.8502313152699     
   1.0788341801182915E-005
   3.4698081995573105E-007
   7.7231215759685801E-007
   2.8408955898242359E-002
  0.61488826403221475     
   4.7228093633420041E-006
   1.3734803684713857E-006
  0.10496007675946102     
   4.6164199451067806E-006
   1.5388067095156098E-006
  0.10111721037688647     
   2.2292007092177817E-005
   3.0864020420709980E-008
   3.6947621924227152E-003
  0.64333460940316745     
   1.8571474830018238E-003
   2.6915181407138509E-004
   5.6521878348052442E-004
   68.313855249020691     
   1478.5966796483772     
   1.1356746667202450E-002
   3.3027521115244827E-003
   20.711556198178791     
  0.33112755470307553     
   8.8100316115404578     
   2.2255344165875939     
  0.50146467320912747     
   1376.7898219350977     
   60.921623994781626     
   42.817937904851263     
   1.7571616958655006E-003
   3.9111018895902636E-003
   143.86711383727956     
   3113.8842340982665     
   2.3916998383940308E-002
   6.9555057648692676E-003
   2.4832624333304868E-008
   15.000564780376301     
   57.646261060900962     
   5.9296708928674153E-007
   9.3957403757604307E-006
   4.8891423169046510E-007
   1.7445158308554323E-002
   1.6678728405598645E-002
   6.6763994668618230E-003
   3185.2484983692134     
   1.8834479613262221E-003
   6.2781601205590695E-004
   41.254696497273777     
   9.0948908051866669E-003
   1.2592176845031914E-005
   1.4166531576293032E-005
   7.3963038489324251E-004
   2.1424858533364376E-005
   2.2562518576283198E-006
   3.9816211113622126E-007
   4.3606344781039801E-002
   9.6133283691248728E-006
   2.3892103213919389E-007
   2.1037855891443519E-005
   4.6826195974767313E-005
   1.1148612465079253     
   2.4577907876728469E-004
   6.1083725555341139E-006
   4.1598773222913944E-005
   7.3409600663093825E-006
  0.73733286278182264     
   3.0845388361706706E-005
   2.4183871092712016E-007
   6.8813379732397958E-005
   10.511189252080847     
   2.0481904529732198     
   7.5025464652401163E-004
   8.3361628771762457E-005
   4.5172469336794231E-002
   2.8562514614248000E-005
   3.7199659562158157E-003
   6.7721670346721418E-004
   9.3941768035862426E-004
   6.1867165000992796E-006
   3.5641344133740902E-003
   4.3350538988681276E-007
   3.4319861981196981E-006
   7.6661431220213024E-005
   1.3528488494830313E-005
   1.3588139781312076     
   2.9956019083745541E-004
   7.4450000285607709E-006
   7.7211802232712784E-003
  0.90955648225664354     
  0.56596207243874286     
   120.05997185310937     
  0.54113701911965140     
   4.7809944608647311E-006
   5.3122161555810222E-007
   8.0034592361353199E-002
   1.7644194236460723E-005
   1.0024161138764598E-006
   2.0937645378325196E-007
   235.98552655506978     
   1.2129750195278135     
  0.10743831167996309     
   1.4042287590388140E-008
   96.417162461797730     
   5.7998859666177772E-002
   8.9653483747117610E-008
   1.9955130510569770E-007
   7.3403534703174716E-003
  0.15887585657541184     
   1.2202873707864838E-006
   3.5488215143259146E-007
   3.9187771541893367E-002
  0.52131799538623458     
  0.12914316221528005     
   3.3366093576479653E-006
   3.7073437921018798E-007
   5.5855360635605415E-002
   1.2313710898314884E-005
   6.9957641934024715E-007
   1.3518135454016597E-006
   9.8768829398119193E-003
   1.0974314559268831E-003
   165.34055965956415     
   3.6450500511415948E-002
   2.0708550689155654E-003
   18.802860723003800     
   2.5024925483021257E-003
  0.15586372007645094     
   235.91975889754508     
   33.445850276491996     
   6.9606764319429066E-003
   5.1452718749224633E-003
   5.7169688445688188E-004
   86.132653042913859     
   1.8988555017926203E-002
   1.0787930167910622E-003
   2.1252406706623016E-008
   8.0217594173296550E-004
   120.31131192049480     
   17.056282796595667     
   8.9580770543544047E-002
   5.3834726825055827E-004
   716.81961337012069     
   3.2099777718833948     
   1.5425973482123667     
   1.0661006032211226E-002
   2.5871162147621237E-005
   2.8745736195517866E-006
  0.43308728620129638     
   9.5477167729877954E-005
   5.4243254272241223E-006
   3.7068116110975963E-004
   1.3527488685330435E-005
   3.0109571977977202E-005
   1.1075592867771633     
   23.972201217057133     
   1.8412473125670929E-004
   5.3546879468411574E-005
   4.4058405407574790E-005
  0.66379011436239910     
   16.375410567556099     
   1.4633724449014763E-004
   9.1988972487412624E-008
   2.6750585950056993E-003
   547.44209681237032     
   77.609719892036992     
   1.8766905792823250E-007
   1.8490612900664775E-007
   5.1128547158482173E-007
   1.7042849730049372E-007
   1.0270798254787255E-002
   2.2642704113837021E-006
   5.6274143871700314E-008
  0.52334146538790638     
   3.0973193316515262E-008
   3.4414659810370723E-009
   5.1849608308651522E-004
   1.1430614351751378E-007
   6.4940523007989343E-009
   1.3641868629239075E-004
   5.6973706533367083E-006
   5.6973706533367083E-006
   1.4674583386902288E-002
   7.1162801842049955E-002
   1.8923461131550277E-005
   4.7030671288798261E-007
  0.17243342807855919     
   25.081218541384189     
   5.7964572989068142E-005
   4.6428410503849186E-007
   1.5350150435800689E-004
   7.7782030637505413E-005
   1.3726241342420726E-005
   1.3786764582319067     
   3.0393901562527053E-004
   7.5538274083912071E-006
   9.7684722297361257E-009
   8.6423564156393187E-005
   1.3020695371130129     
   32.121483578004167     
   2.8705047585516388E-004
   7.1340948040044683E-006
   4.2453171233692586E-008
   1.3511556848861865E-002
   2.0987381055844425E-006
   1.7203271748678996E-007
   3.6126869005959207E-007
   1.1870257288692095E-006
   4.3663900988500454E-002
  0.94506888517344767     
   7.2588475678997617E-006
   2.1110072131265514E-006
   2.4319608579765966E-004
   3.6640263330175382     
   8.0776062449823527E-004
   5.0776594927879832E-007
   90.389920300533419     
   8.3630265534331595E-003
   2.5392830725159087E-004
   1.6928554237197912E-004
  0.56718218553546307     
   5.8090170219166160     
   1.4056783946459674E-003
   3.4935468758480847E-005
  0.13888531255884345     
  0.50436905413982380     
   9.0138533299276542E-006
   2.0063093154215906E-005
  0.73800667643765017     
   15.973541785356739     
   3.5680215968466462E-005
   2.5245150975428170E-008
   2.9740061918754118E-003
   16.068752571927064     
   1.1275863820614544E-004
   1.9898583445407616E-005
   1.8768630084257893     
   1.0283412870503597E-005
   6.5850848355017029E-005
   1.1304053729291062E-005
  0.15993219711613377     
   9.1429342104530963E-007
   3.8658663161766655E-004
   1.1286584763114045E-005
  0.15968504240429812     
   3.2815056688268355E-009
   8.5719156470772951E-007
   1.0861670854789710E-002
  0.62451870781816476     
   4.4141162038796229E-005
   8.6546685448218651E-008
  0.62856772447705722     
   8.4635584119821111E-003
   91.035894583202847     
   1.5730572986219415E-003
   9.7516001541578916     
   24.404428440323397     
   7.5299390561791926E-003
   5.5645580198973111E-004
   9403.9098681249416     
   14.078045638919608     
   8.4898537785149854E-003
   5.6599026595751918E-003
   181.00841354932314     
   19.185400988025712     
   4.4134148052968912E-002
   1.0968704906892958E-003
  0.53833607889025359     
   35.807632973001510     
   4.6628084072680025     
   2.3742972061722174E-003
   9.7097100386354533     
   1.7392065423695799     
   4.3272173226412720     
   5.5314109288896691E-002
   6.1460122449693184E-003
   869.55109267268620     
  0.19169871333101302     
   1.0890941047072585E-002
  0.27088856306456105     
   3.0098729727735689E-002
   4258.4333189760982     
  0.93880186562069690     
   5.3335964523151855E-002
   3669.9198386108251     
   520.27685185203268     
   329.72148859083603     
   3.0037945500637160     
  0.17483860764760090     
   5.2566456221046038E-003
   21.026910571168671     
   21.728895223418814     
   3.6958949225834430E-005
   5.3563695513436949E-006
   1.1248375539016948E-005
   1.3595087792858285     
   29.425438802674826     
   2.2600974197555830E-004
   6.5727815756478036E-005
   1.6430138225934521E-004
   5.4767129596031883E-005
  0.23514959652121356     
   2.8642790915437333     
   6.8329106428589197E-004
   1.6981902631662098E-005
   5.2139454784030643E-004
   1.6042909991825527E-004
   1.2032182792691626E-004
   16.438294161070505     
   355.79322930966612     
   2.7327625083918418E-003
   7.9473791301091113E-004
   3.1950486323254258E-003
   1.5888858620065810E-002
   84.969505283141601     
  0.34259876126043148     
   1.4311858408112492E-003
   20.248726827026452     
   499.52719705888450     
   4.4639756214914644E-003
   2.8060971905037185E-006
   330.03742125389749     
   46.788714215713938     
   8.8381398491120080E-007
   1.7438923227768415E-006
  0.35980437187213238     
   28.801903111106409     
   7.4329614111474590E-005
  0.13613916038493257     
   2.4292184259458408E-002
   9.3051860629453446E-006
   6.0811690543213489E-007
  0.12142652107492724     
   366.17064697581719     
   50.049702296647361     
  0.51884583424274722     
   85.088091633738230     
   12.062760602982515     
   3.2425325671178680E-005
   656.21071213600078     
  0.40161050244582491     
   1.2877594260843223E-004
   1.8219498889766301     
   44.946703513600269     
   4.0166179125471067E-004
   9.9825415353193544E-006
   2.6860640962530803E-003
   4.7401133326291692E-004
   44.709430669602789     
   9.8565114866127363E-003
   2.4496488700382452E-004
   2.6485491730917928E-005
   8.8284975944522747E-006
  0.49962995903915958     
   1.1014697249709079E-004
   2.7374939610440034E-006
  0.55868807481193539     
   1.6401623441127545E-003
   3.3179608578307488E-005
  0.46943227858443964     
   11.580688125895680     
   1.0348967939777672E-004
   6.5054588830215251E-008
   3.7313927262645395E-002
   4.1459919867162590E-003
   586.58390490716010     
  0.12931658735056181     
   7.3468376744484556E-003
   2.4616942901066666E-005
   2.7352159231828439E-006
  0.38698425904474343     
   8.5313428001357271E-005
   4.8468948942921082E-006
   1.7355497241972155E-005
   2.7063011668075469E-003
   1.0173676307347302E-005
   1.5858449143033427E-005
   3.1757701891462568E-005
   3.5286336019188819E-006
  0.49923870664293440     
   1.1006071812793865E-004
   6.2528577886700544E-006
   1.0050305841531911E-007
   1.1167006675481416E-008
   1.5799322340264101E-003
   3.4830728057869456E-007
   1.9788312572023073E-008
   2.9548509735245465E-006
   3.4744117968112144E-003
   9.2681250186587063E-007
  0.13933566805673767     
   8.3991624131829768E-006
   3.7735366877247283E-006
  0.30895724252322809     
   6.6871230043002488     
   5.1362188849443245E-005
   1.4937075083740079E-005
   1.7485550396194763E-005
   2.4971844094184432E-008
   6.8940168330524366E-007
  0.12192973623053975     
   6.4923603665232816     
   1.3474205556368885E-007
   4.8553912116308494E-004
   6.5568348885474244     
   4.7302397588210573E-002
   1.3552891061171691E-007
   6.5951249280570376     
   4.8837453069356892E-004
   4.7249377131996233E-005
   5.3459485415450800E-005
   6.9247653743002423E-004
   9.3513665989370054     
   2.8882721268460244E-006
   9.4626045568585866     
   7.0071380148307506E-004
   1.7004447138939154E-005
   1.9674743775309380E-007
   9.5741486108027463     
   7.0897373220324812E-004
   7.9529127257578065E-006
  0.12428184371558804     
  0.11463691677183720     
   1.3219475442081737E-006
   4.3435420515731052E-006
   6.2949885960947065E-007
  0.15977411901589297     
   3.4581781544825141     
   2.6561437456934652E-005
   6.9521016452607471E-006
   7.7245577033588242E-007
   3.1044496850222962E-008
   2.6536979214246195E-012
   2.0965589064365297E-003
   3.3792190442401422     
   0.0000000000000000     
   0.0000000000000000     
   0.0000000000000000     
   0.0000000000000000     
   0.0000000000000000     
   0.0000000000000000     
   0.0000000000000000     
   0.0000000000000000     
   7.2165080780971322E-004
   6.9630320488726900     
   2.7823107829479441     
   2.1484300319691936E-003
   2.0026545546021419E-007
   1.9787007208019519E-005
  0.14653464201656488     
   5.1656053101284567E-004
   4.2653897944163592     
   2.7103655343781878     
   1.5378547992294152E-003
   1.4335081301999374E-007
   1.6619673485607294E-005
  0.20844888027936945     
   47.930684497514790     
   12.072317967289964     
   31.196782535801454     
   111.39999613296416     
   10.342484225497522     
   16.817797046048639     
  0.63965135481974278     
   0.0000000000000000     
   0.0000000000000000     
   0.0000000000000000     
   0.0000000000000000     
   0.0000000000000000     
   0.0000000000000000     
   0.0000000000000000     
   0.0000000000000000     
   0.0000000000000000     
   0.0000000000000000     
   0.0000000000000000     
   0.0000000000000000     
   0.0000000000000000     
   0.0000000000000000     
   1.9891973128774324E-004
   2.6684628142851653E-003
   21.276278117488783     
   13.519629785060951     
  0.70944097000527662     
   5.6011322577430258E-005
   1.1564640716546032E-004
   4.3632999094173325E-007
   21.232745007174461     
   1.3840700293852447E-003
   2.4424765509902245E-004
   5.6371649925572222E-005
   4.3547014817455864E-007
   12.583469360286063     
   8.6074338697914872     
   1.6251088325944713E-003
   2.0141397799087459E-005
   4.0549190445056684     
   4.3794260996969108     
   3.1528350247946659E-004
   6.5212982456757649     
   141.14808625430638     
   7.9649721044497908E-005
   1.7728486525483527E-004
   139.24166934128183     
  0.19262478305319833     
   2.3642099705122649E-006
   2.1170299938514823E-003
   2.3522556460887028E-004
   4.0255490270266995E-004
   1.9169281965217432E-004
   1.3226804313202156E-003
   1053.0724737191126     
   48.653863170775828     
   1.0252169430983105E-005
   9.6480270381775439E-006
   305.52231957997964     
   1.6137731538392128     
   4.0218554527104240E-004
   4.4687284657594779E-005
   7.6475894774858240E-005
   3.6417094429585069E-005
   2.5127794695155260E-004
   9.2430813666846543     
   200.05882216251635     
   1.9612895876866896E-010
   0.0000000000000000     
   0.0000000000000000     
   0.0000000000000000     
   0.0000000000000000     
   0.0000000000000000     
   0.0000000000000000     
   0.0000000000000000     
   0.0000000000000000     
   0.0000000000000000     
   0.0000000000000000     
   0.0000000000000000     
   5.1382372590728767E-002
   26.324875643887289     
   7.4381643322710387     
   1.7972595060972406E-006
   170.33098115063112     
  0.24170259531518695     
   7.4564540440369260     
   1.7040748003344768     
   1.2712938784906491     
   26.300454536125990     
   3.0406148046702550     
   11.362522162337862     
   3.1647741203321269     
   2.1037808425598068     
   3.7342719202724411E-004
   4.1491910912224502E-005
   3.7308409508991232     
   2.1852781514263531E-005
  0.18420973000576313     
  0.44365581659045544     
  0.42748200253390134     
   3.3665862890946200E-005
   1.3048039207683868E-007
  0.13010877499813125     
   18.647225403926576     
   18.403952482341211     
   1.4985756902442038E-003
   1.6650841691926910E-004
   2.8495533503582605E-004
   1.3569302294224727E-004
   9.3628184111464578E-004
   745.43526249704178     
   34.440464611247940     
   5.7255095655913968E-003
   747.00062646143067     
  0.57306123566789935     
  0.42589253731062648     
   8.8339890623639429E-006
   3.2253996494913454E-004
   3.3635822439548075     
  0.73196197424346177     
   8.4162870652103418E-008
   1.6562815361349293E-004
  0.44249150230186624     
   2.9378064227309619E-004
   1.9231120272855093     
   1.3409568445709203     
   7.6658476104261143E-008
   1.8082376315418653E-004
   1.3965236413023929     
   1926.2687787630066     
   115.31366861596472     
  0.24731666286099344     
   4.4065055538853575E-003
   2.0996908693400491E-002
   39.783219455737644     
   133.18729420179389     
  0.37097502284008732     
   6.6097588394858466E-003
   3.1495365463844779E-002
   3.2762159483519578E-002
   783.15165170322780     
   5.2424792635626216E-002
   9.2514341026454939E-003
   2.6910227010816085E-003
   1.3546386780801751E-003
   3017.4085383691086     
   1.6701056359676368E-004
   2699.7756646942007     
  0.21261778700660050     
  0.59518471722405264     
   2.8373054294156205E-002
   0.0000000000000000     
   0.0000000000000000     
   0.0000000000000000     
   0.0000000000000000     
   0.0000000000000000     
   0.0000000000000000     
   0.0000000000000000     
   0.0000000000000000     
   0.0000000000000000     
  0.64572575844574664     
  0.45025477622631532     
   8.6312710693567577E-005
   3.3452629356309116E-007
   0.0000000000000000     
   0.0000000000000000     
   0.0000000000000000     
   0.0000000000000000     
   0.0000000000000000     
   0.0000000000000000     
   0.0000000000000000     
   0.0000000000000000     
   0.0000000000000000     
   0.0000000000000000     
   0.0000000000000000     
   0.0000000000000000     
   0.0000000000000000     
   0.0000000000000000     
   0.0000000000000000     
   0.0000000000000000     
   0.0000000000000000     
   0.0000000000000000     
   0.0000000000000000     
   4.9973751242853399E-003
   4.0045326391445452E-004
  0.16390511621667758     
   83.973969753577975     
   20.085268180902396     
   0.0000000000000000     
   0.0000000000000000     
   0.0000000000000000     
   0.0000000000000000     
   0.0000000000000000     
   0.0000000000000000     
   0.0000000000000000     
   0.0000000000000000     
   0.0000000000000000     
   0.0000000000000000     
   0.0000000000000000     
   0.0000000000000000     
   0.0000000000000000     
   0.0000000000000000     
   0.0000000000000000     
   0.0000000000000000     
   0.0000000000000000     
   0.0000000000000000     
   0.0000000000000000     
   0.0000000000000000     
   0.0000000000000000     
   0.0000000000000000     
   0.0000000000000000     
   0.0000000000000000     
   0.0000000000000000     
   5.5657248780313813     
   1.0953461287885519E-010
   1.4924377452385430E-010
   8.4551315144505957E-011
   1.3690381537569464E-008
   1.3687919451408827E-008
   2.9720235881161588E-018
   0.0000000000000000     
   2.6896269745063286E-005
   2.7288506875908865E-004
   31.139326241046213     
   7.3501780188615543E-002
   25.525080673086048     
   202.85634234065901     
   222.91612313134107     
   1.7805796977295749E-005
   2.2467763136271066E-002
   7.5779275086016300     
   1.7050337305153944     
   2.1188639421021143E-004
   4.3771528706050130E-003
   4.1075989005650264E-011
   4.7898303437498004     
   5.7944581928894223     
   4.3930958872635326     
   1.0727560561635909     
  0.82929372284502378     
   3.9494367306389431     
   1.0099257276237825     
   1.2617760410796516E-005
   2.2584527211879007E-006
   0.0000000000000000     
   2.6077551635045917     
   2.2564459158695591     
  0.95492957968995840     
   11.902212615184419     
   1.7893355355058824E-005
   2.5692102367025814E-006
   1.2102546392374441E-005
   0.0000000000000000     
   8.5549981880342534E-007
  0.37548047959561837     
  0.72892211973134258     
   4.7873222255018055E-002
  0.32171137814177048     
   1.8701473502938670E-002
   9.0154233652984624E-009
   1.0430465300019551E-007
   1.1713001939387516E-002
   2.1752718004059843E-002
   1.3168744470516333E-003
   3.1525156337972211E-002
  0.55334548962494146     
   3.3994012132315822E-002
  0.18493730049816745     
   1.3279126543317758E-002
   0.0000000000000000     
   0.0000000000000000     
   0.0000000000000000     
   0.0000000000000000     
   0.0000000000000000     
   0.0000000000000000     
   0.0000000000000000     
   0.0000000000000000     
   0.0000000000000000     
   0.0000000000000000     
   0.0000000000000000     
   0.0000000000000000     
   0.0000000000000000     
   0.0000000000000000     
   0.0000000000000000     
   0.0000000000000000     
   0.0000000000000000     
   0.0000000000000000     
   0.0000000000000000     
   0.0000000000000000     
   0.0000000000000000     
   0.0000000000000000     
   0.0000000000000000     
   0.0000000000000000     
   0.0000000000000000     
   0.0000000000000000     
   0.0000000000000000     
   0.0000000000000000     
   0.0000000000000000     
   0.0000000000000000     
   0.0000000000000000     
   0.0000000000000000     
   0.0000000000000000     
   0.0000000000000000     
   0.0000000000000000     
   0.0000000000000000     
   0.0000000000000000     
   0.0000000000000000     
   0.0000000000000000     
   0.0000000000000000     
   0.0000000000000000     
   0.0000000000000000     
   0.0000000000000000     
   0.0000000000000000     
   0.0000000000000000     
   0.0000000000000000     
   0.0000000000000000     
   0.0000000000000000     
   0.0000000000000000     
   0.0000000000000000     
   0.0000000000000000     
   0.0000000000000000     
   0.0000000000000000     
   0.0000000000000000     
   0.0000000000000000     
   0.0000000000000000     
   0.0000000000000000     
   0.0000000000000000     
   0.0000000000000000     
   0.0000000000000000     
   0.0000000000000000     
   0.0000000000000000     
   0.0000000000000000     
   0.0000000000000000     
   0.0000000000000000     
   0.0000000000000000     
   0.0000000000000000     
   0.0000000000000000     
   0.0000000000000000     
   0.0000000000000000     
   0.0000000000000000     
   0.0000000000000000     
   0.0000000000000000     
   0.0000000000000000     
   0.0000000000000000     
   0.0000000000000000     
   0.0000000000000000     
   0.0000000000000000     
   0.0000000000000000     
   0.0000000000000000     
   0.0000000000000000     
   0.0000000000000000     
   0.0000000000000000     
   0.0000000000000000     
   0.0000000000000000     
   0.0000000000000000     
   0.0000000000000000     
   0.0000000000000000     
   0.0000000000000000     
   0.0000000000000000     
   0.0000000000000000     
   0.0000000000000000     
   0.0000000000000000     
   0.0000000000000000     
   0.0000000000000000     
   0.0000000000000000     
   0.0000000000000000     
   0.0000000000000000     
   0.0000000000000000     
   0.0000000000000000     
   0.0000000000000000     
   0.0000000000000000     
   0.0000000000000000     
   0.0000000000000000     
   0.0000000000000000     
   0.0000000000000000     
   0.0000000000000000     
   0.0000000000000000     
   0.0000000000000000     
   0.0000000000000000     
   0.0000000000000000     
   0.0000000000000000     
   0.0000000000000000     
   0.0000000000000000     
   0.0000000000000000     
   0.0000000000000000     
   0.0000000000000000     
   0.0000000000000000     
   0.0000000000000000     
   0.0000000000000000     
   0.0000000000000000     
   0.0000000000000000     
   0.0000000000000000     
   0.0000000000000000     
   0.0000000000000000     
   0.0000000000000000     
   0.0000000000000000     
   0.0000000000000000     
   0.0000000000000000     
   0.0000000000000000     
   0.0000000000000000     
   0.0000000000000000     
   0.0000000000000000     
   0.0000000000000000     
   0.0000000000000000     
   0.0000000000000000     
   0.0000000000000000     
   0.0000000000000000     
   0.0000000000000000     
   0.0000000000000000     
   0.0000000000000000     
   0.0000000000000000     
   0.0000000000000000     
   0.0000000000000000     
   0.0000000000000000     
   0.0000000000000000     
   0.0000000000000000     
   0.0000000000000000     
   0.0000000000000000     
   0.0000000000000000     
   0.0000000000000000     
   0.0000000000000000     
   0.0000000000000000     
   0.0000000000000000     
   0.0000000000000000     
   0.0000000000000000     
   0.0000000000000000     
   0.0000000000000000     
   0.0000000000000000     
   0.0000000000000000     
   0.0000000000000000     
   0.0000000000000000     
   0.0000000000000000     
   0.0000000000000000     
   0.0000000000000000     
   0.0000000000000000     
   0.0000000000000000     
   0.0000000000000000     
   0.0000000000000000     
   0.0000000000000000     
   0.0000000000000000     
   0.0000000000000000     
   0.0000000000000000     
   0.0000000000000000     
   0.0000000000000000     
   0.0000000000000000     
   0.0000000000000000     
   0.0000000000000000     
   0.0000000000000000     
   0.0000000000000000     
   0.0000000000000000     
   0.0000000000000000     
   0.0000000000000000     
   0.0000000000000000     
   0.0000000000000000     
   0.0000000000000000     
   0.0000000000000000     
   0.0000000000000000     
   0.0000000000000000     
   0.0000000000000000     
   0.0000000000000000     
   0.0000000000000000     
   0.0000000000000000     
   0.0000000000000000     
   0.0000000000000000     
   0.0000000000000000     
   0.0000000000000000     
   0.0000000000000000     
   0.0000000000000000     
   0.0000000000000000     
   0.0000000000000000     
   0.0000000000000000     
   0.0000000000000000     
   0.0000000000000000     
   0.0000000000000000     
   0.0000000000000000     
   0.0000000000000000     
   0.0000000000000000     
   0.0000000000000000     
   0.0000000000000000     
   0.0000000000000000     
   0.0000000000000000     
   0.0000000000000000     
   0.0000000000000000     
   0.0000000000000000     
   0.0000000000000000     
   0.0000000000000000     
   0.0000000000000000     
   0.0000000000000000     
   0.0000000000000000     
   0.0000000000000000     
   0.0000000000000000     
   0.0000000000000000     
   0.0000000000000000     
   0.0000000000000000     
   0.0000000000000000     
   0.0000000000000000     
   0.0000000000000000     
   0.0000000000000000     
   0.0000000000000000     
   0.0000000000000000     
   0.0000000000000000     
   0.0000000000000000     
   0.0000000000000000     
   0.0000000000000000     
   0.0000000000000000     
   0.0000000000000000     
   0.0000000000000000     
   0.0000000000000000     
   0.0000000000000000     
   0.0000000000000000     
   0.0000000000000000     
   0.0000000000000000     
   0.0000000000000000     
   0.0000000000000000     
   0.0000000000000000     
   0.0000000000000000     
   0.0000000000000000     
   0.0000000000000000     
   0.0000000000000000     
   0.0000000000000000     
   0.0000000000000000     
   0.0000000000000000     
   0.0000000000000000     
   0.0000000000000000     
   0.0000000000000000     
   0.0000000000000000     
   0.0000000000000000     
   0.0000000000000000     
   0.0000000000000000     
   0.0000000000000000     
   0.0000000000000000     
   0.0000000000000000     
   0.0000000000000000     
   0.0000000000000000     
   0.0000000000000000     
   0.0000000000000000     
   0.0000000000000000     
   0.0000000000000000     
   0.0000000000000000     
   0.0000000000000000     
   0.0000000000000000     
   0.0000000000000000     
   0.0000000000000000     
   0.0000000000000000     
   0.0000000000000000     
   0.0000000000000000     
   0.0000000000000000     
   0.0000000000000000     
   0.0000000000000000     
   0.0000000000000000     
   0.0000000000000000     
   0.0000000000000000     
   0.0000000000000000     
   0.0000000000000000     
   0.0000000000000000     
   0.0000000000000000     
   0.0000000000000000     
   0.0000000000000000     
   0.0000000000000000     
   0.0000000000000000     
   0.0000000000000000     
   0.0000000000000000     
   0.0000000000000000     
   0.0000000000000000     
   0.0000000000000000     
   0.0000000000000000     
   0.0000000000000000     
   0.0000000000000000     
   0.0000000000000000     
   0.0000000000000000     
   0.0000000000000000     
   0.0000000000000000     
   0.0000000000000000     
   0.0000000000000000     
   0.0000000000000000     
   0.0000000000000000     
   0.0000000000000000     
   0.0000000000000000     
   0.0000000000000000     
   0.0000000000000000     
   0.0000000000000000     
   0.0000000000000000     
   0.0000000000000000     
   0.0000000000000000     
   0.0000000000000000     
   0.0000000000000000     
   0.0000000000000000     
   0.0000000000000000     
   0.0000000000000000     
   0.0000000000000000     
   0.0000000000000000     
   0.0000000000000000     
   0.0000000000000000     
   0.0000000000000000     
   0.0000000000000000     
   0.0000000000000000     
   0.0000000000000000     
   0.0000000000000000     
   0.0000000000000000     
   0.0000000000000000     
   0.0000000000000000     
   0.0000000000000000     
   0.0000000000000000     
   0.0000000000000000     
   0.0000000000000000     
   0.0000000000000000     
   0.0000000000000000     
   0.0000000000000000     
   0.0000000000000000     
   0.0000000000000000     
   0.0000000000000000     
   0.0000000000000000     
   0.0000000000000000     
   0.0000000000000000     
   0.0000000000000000     
   0.0000000000000000     
   0.0000000000000000     
   0.0000000000000000     
   0.0000000000000000     
   0.0000000000000000     
   0.0000000000000000     
   0.0000000000000000     
   0.0000000000000000     
   0.0000000000000000     
   0.0000000000000000     
   0.0000000000000000     
   0.0000000000000000     
   0.0000000000000000     
   0.0000000000000000     
   0.0000000000000000     
   0.0000000000000000     
   0.0000000000000000     
   0.0000000000000000     
   0.0000000000000000     
   0.0000000000000000     
   0.0000000000000000     
   0.0000000000000000     
   0.0000000000000000     
   0.0000000000000000     
   0.0000000000000000     
   0.0000000000000000     
   0.0000000000000000     
   0.0000000000000000     
   0.0000000000000000     
   0.0000000000000000     
   0.0000000000000000     
   0.0000000000000000     
   0.0000000000000000     
   0.0000000000000000     
   0.0000000000000000     
   0.0000000000000000     
   0.0000000000000000     
   0.0000000000000000     
   0.0000000000000000     
   0.0000000000000000     
   0.0000000000000000     
   0.0000000000000000     
   0.0000000000000000     
   0.0000000000000000     
   0.0000000000000000     
   0.0000000000000000     
   0.0000000000000000     
   0.0000000000000000     
   2.0509304845721534E-004
   2.0687788648889930E-011
   8.0033388632972672E-015
   4.5829629303762309E-006
   2.8436027294573068E-007
   5.8509155639069853E-004
   6.6426769221172199E-006
   1.0579052965442679E-008
   9.5761271469970479E-012
   1.0165073230546818E-003
   8.8719382375737363E-017
   3.6276312428967084E-021
   1.0579873662537356E-008
   3.3088353906706376E-005
  0.64697043916565433     
   7.1621636382523030E-002
   76669.373883265769     
   4401.3918362765962     
   4.8069658206296761     
   5.3521934685335350E-008
   3.1868769496895625E-010
   4.4050731825730942E-005
  0.30897766978877267     
   31011.717465632486     
   4.1242288918950140E-002
   4.3675118264646899E-021
   5.1575533961972336E-016
   5.2943719865538163E-019
   2.4980170858434683E-006
   1.1783626118075336E-004
   7.1822768436710049E-006
   5.4983163617997775E-016
   1.1491951075399819E-006
   1.6197643802708109E-004
   1.1270119220162021E-003
   2.0031417468880820E-007
   1.2031416005359034E-009
   5.0417727539513641E-009
   2.0167091015805457E-008
   2.0058062868941577E-006
   1.5097466623711069E-007
   1.7712874346374982E-006
   2.1461508429536413E-020
   3.5240975835546629E-010
   1.0572292750663989E-009
   6.0929777532817910E-009
   1.8278933259845372E-008
   7.8123644320362051E-022
   2.3437093296108617E-021
   2.6611284184051755E-002
   7.9833852552155263E-002
  0.46009498510009667     
   1.3802849553002898     
  0.49041413613489127     
   3.2148773917539116E-006
   2.5181809156504563E-008
   1.7513232141960643E-005
   1.2810090683760911E-005
  0.47078697709116951     
  0.65100479394411626     
   4.5764091208550938E-004
   3.1939516792128296E-017
   9.2287923032516046E-004
   9.0110736305650169E-002
   8.7787185667237725E-004
   1.2455083951846472E-004
   1.5256487067074705E-011
   1.6951652998414417E-012
   3.3032349410771372E-011
   3.6702611975611331E-012
   3.2941157550279694E-016
   2.1741164847100831E-016
   1.1199993684901855E-016
   3.5430269856711331E-013
   4.5232641085543097E-011
   9.7825031561287210E-006
   7.2947298960942265E-007
   7.4252180107845469E-006
   2.4001121950383148E-005
   7.4422677742385935E-005
   3.6303524213381382E-014
   1.9680260923307170E-011
   1.6923731376385505E-007
   5.5862725108323454E-007
   7.2786043371309956E-007
   2.3817375608121676E-004
   7.1142813310856722E-005
   1.8990750109756857E-003
   5.6725619645132388E-004
   3.5100974723452173E-016
   3.2474809308904707E-003
   6.3823674539142668E-004
   2.7555681818563198E-003
   7.0583534146949833E-004
   5.9889057151398689E-004
   8.3416897617446292E-004
   2.5416629320627110E-003
   2.1565624112982042E-003
   3.0037832356272793E-003
   3.3062610876465649E-003
   8.9391502264342271E-003
   1.5404894625570535E-002
   4.1650270087528217E-002
   3.2435328357941835E-002
   9.4279004848020363E-007
   1.7825934940591377E-006
   3.0225640034202082E-009
   1.9592468704214334E-007
   3.7690307348953396E-005
   6.5856472198652934E-010
   1.6464118049663233E-010
   4.3379578581943809E-011
   1.7351831432777524E-010
   1.2243746616585839E-010
   1.5631181994665328E-008
   4.4291139529104206E-005
   1.0746227226899794E-007
   1.4212850972517227E-004
   1.4212850972517227E-004
   1.4212850972517227E-004
   4.7376168731790897E-005
   2.5080138904325642E-009
   6.0851193808411822E-012
   4.5572973844474352E-013
   4.5572973844474352E-013
   4.5572973844474352E-013
   1.5190990904219115E-013
   2.2693018702672401E-005
   1.2011075680902620E-003
   1.7532987592172687E-007
   3.7753010222714451E-003
   1.1625824497672656E-004
   2.9064561244181641E-005
   1.2270414841224267E-003
   3.0676037103060668E-004
   6.5831947162060408E-009
   1.6457986790515102E-009
   2.9018944453636247E-007
   7.2547361134090616E-008
   3.3587672392848485E-004
   1.9019252385141865E-008
   6.9350638347340866E-005
   4.2505229094547071E-005
   1.1897307927888419E-004
   7.2918982598327962E-005
   2.8386565884384922E-004
   4.6583473257028319E-008
   1.4751432426783615E-008
   1.6304214483046883E-008
   8.9747324657714657E-007
   2.8341260140385094E-007
   1.3746367869589507E-007
   5.2230590334041355E-006
   2.9597334176713917E-005
   8.4585761559393690E-005
   4.7931930990133747E-004
   1.2528801286600126E-009
   3.5658897737068469E-009
   7.0035160785464608E-010
   1.9933085211583958E-009
   1.1601350282065523E-007
   8.9810668906525665E-005
   1.9532101724574794E-009
   1.9191299433337307E-007
   5.7324663104909610E-008
   1.5302154940015645E-006
   4.5707737496490316E-007
   9.3302176065477664E-007
   7.9165479913514984E-007
   1.1026619965125719E-006
   3.3597450914359047E-006
   2.8506927037151088E-006
   3.9706075319145466E-006
   22568709.254406009     
   22568709.077461507     
   2.9184347532184850E-010
   119.83049125052145     
   2.1372516659583923E-003
   0.0000000000000000     
   1.2500544785411149E-017
   8.8861375601139310E-007
   2.1755716063961744E-006
   2.6501238702119132E-005
   8.0893210978562304E-006
   3.1781254630673368E-004
   1.9322173199301101E-007
   2.6416797358078089E-005
   3.4684611877811074E-006
   9.0821076125996469E-008
   1.3234084879434666E-007
   2.9776689746207820E-007
   9.9255639060800355E-008
   1.3234084879434666E-007
   9.6643241335576879E-007
   1.7054689846776055E-007
   1.1605065379701650E-004
   1.1701586474786978E-004
   1.3679088240230737E-012
   9.5922354305553140E-012
   1.4708840495956328E-009
   3.8406416850552644E-009
   1.3241372479437766E-007
   5.8066644065038485E-007
   3.4876411111041719E-009
   1.6166959371527508E-010
   2.9394471584595471E-011
   2.6461851102055319E-009
   1.4440384434262104E-009
   8.6732889809632390E-012
   7.2309732690494393     
   7.2309731556793713     
   9.3506116298869217E-017
   4.4319538452657538E-007
   1.1364882117615588E-007
   2.9175223340414287E-006
   6.2190109803305005E-007
   1.3124159086139356E-002
   1.3123861009026435E-002
  0.43456003136490046     
  0.43455984724645197     
   86.586669915021517     
   86.586635251692215     
   1.1853626736956151E-011
   3.9249960210529901E-010
   7.8206074719673321E-008
   2.0861111378945579E-005
   2.0861089507088209E-005
   1.6318427096782100E-014
   1.3786343201772611E-003
   1.3786326416165564E-003
   1.0784247988495423E-012
   4.0335357360318583E-003
   2.0138908495516191E-009
   34.389042492768574     
   9.7363671849543809E-003
   1.2871415319573756E-006
   1.6999488051200950E-004
   231.48093053234660     
   2.6343016911950581E-002
   206.24307026434576     
   2.4918551368842547E-002
  0.63691054388311852     
   42.783436456778169     
   8.0653839472963909E-011
   1.5614264570774386E-006
  0.74640803455999782     
   195.49884345809835     
   242.22604351298196     
   2.6443943282718045E-017
   4.9340401927993084E-005
   7.6538604348321988E-006
   60019.908937850450     
   60120.633363258363     
   2.6387899778046210E-002
   4.3313428495517607     
   39668.398799079165     
   24292.294556677141     
   1.1399369441353463E-004
   0.0000000000000000     
   0.0000000000000000     
   0.0000000000000000     
   0.0000000000000000     
   0.0000000000000000     
   0.0000000000000000     
   0.0000000000000000     
   0.0000000000000000     
   0.0000000000000000     
   0.0000000000000000     
   0.0000000000000000     
   0.0000000000000000     
   0.0000000000000000     
   0.0000000000000000     
   0.0000000000000000     
   0.0000000000000000     
   0.0000000000000000     
   0.0000000000000000     
   0.0000000000000000     
   0.0000000000000000     
   0.0000000000000000     
   0.0000000000000000     
   0.0000000000000000     
   0.0000000000000000     
   0.0000000000000000     
   9.6786363902823182E-010
   0.0000000000000000     
   0.0000000000000000     
   0.0000000000000000     
   0.0000000000000000     
   0.0000000000000000     
   1.9450938249852149E-013
   1.8737457543214874E-005
   2.0244692767342861E-002
   5.9235481159013452E-004
   0.0000000000000000     
   0.0000000000000000     
   0.0000000000000000     
   0.0000000000000000     
   0.0000000000000000     
   0.0000000000000000     
   0.0000000000000000     
   0.0000000000000000     
   1.0115212609420083     
  0.70971475906060077     
   0.0000000000000000     
   0.0000000000000000     
   1592.1496193838564     
   0.0000000000000000     
   0.0000000000000000     
   0.0000000000000000     
   0.0000000000000000     
   0.0000000000000000     
   1.7198128794042790E-005
   2.9595476538949807E-002
   1.8308107535156295E-006
   8.9726490560899724E-010
   2.6917947168269916E-009
   1.0345963681662798E-003
   0.0000000000000000     
   0.0000000000000000     
   0.0000000000000000     
   0.0000000000000000     
   3.4563189313839026E-011
   3.8403545271647277E-012
   1.3724213887474137E-002
   3.7106207413030771E-002
   3.1806605229022639E-008
   2.5705873551891477E-003
   3.4269195265563114E-006
   0.0000000000000000     
   0.0000000000000000     
   1640.9756734320863     
   1641.3868760286468     
   0.0000000000000000     
   0.0000000000000000     
   6.2128088725662166E-007
   0.0000000000000000     
   0.0000000000000000     
   0.0000000000000000     
   0.0000000000000000     
   0.0000000000000000     
   0.0000000000000000     
   0.0000000000000000     
   1.1441078160745746E-319
   5.0542792053148061E-317
   4.3613430956211389E-316
   2.1738888417014848E-321
   0.0000000000000000     
   1.1222101349589864E-316
   0.0000000000000000     
   4.1550920815248834E-321
   0.0000000000000000     
   2.6579336010809563E-316
   1.1454615559441796E-318
   7.4109846876186982E-322
   1.1441078160745746E-319
   3.4584595208887258E-321
   7.7253586580674833E-318
   8.6690734481888484E-318
   1.6470172369763795E-319
   0.0000000000000000     
   0.0000000000000000     
   0.0000000000000000     
   0.0000000000000000     
   0.0000000000000000     
   9.9643159453262603E-320
   2.3182548234162970E-319
   1.8829344721837372E-316
   6.6127570277976577E-315
   2.6451028397748705E-315
   0.0000000000000000     
   0.0000000000000000     
   3.9176613750246202E-316
   9.4166417065830093E-317
   5.0590667014230078E-317
   1.2160170945641847E-317
   0.0000000000000000     
   0.0000000000000000     
   0.0000000000000000     
   0.0000000000000000     
   0.0000000000000000     
   0.0000000000000000     
   9.9949480153684176E-321
   3.8724865321036904E-320
   0.0000000000000000     
   0.0000000000000000     
   21935796118509624.     
   21935796118509624.     
   160801271.50703177     
   160801271.49945682     
   10.851818746624746     
   4.8530440919350151E-003
   13425.905162220586     
   13500.378762506503     
   1932016.1668511285     
   1932015.5893170629     
   103845.07894696723     
   103845.07926288381     
   119579145.00097027     
   119579138.92436489     
   47924.935097964008     
   47822.219237315599     
   1365702.1359696391     
   1365659.9006644844     
   18289058.005865131     
   18313350.711306125     
   1108793416.3486733     
   1108836828.5589354     
   211582.10944855778     
   211585.40181099976     
   10657058.252220616     
   10584790.264181066     
   267606885.02778307     
   267606885.71865010     
   109904085.51402947     
   109902107.23610520     
   197.58719263594196     
   197.58730541434474     
   28312007.670381039     
   28312008.257009320     
   349.50188627001035     
   349.50177217450630     
   5920563.0603459552     
   5920563.0589279747     
   10001760.610267717     
   10003738.786810048     
   11555306.543745851     
   11555095.543332463     
   85358664329.582260     
   85358664329.582260     
   1139096.5211388541     
   1139096.5212632900     
   3431245.2061755075     
   3431365.0300447880     
   138533063.78906175     
   138533056.48856789     
   54658223.096365653     
   54658223.096408889     
   1.6160101809356526     
   1.6160101803346298     
   187.67234904011536     
   187.67233511618031     
   280.91311001416875     
   161.08271994940009     
   47208151.006697625     
   47204693.084962226     
   442032.32195039449     
   438640.30777119991     
   366.70279970820388     
   366.70279951346294     
   10.074031765177702     
   10.074031287646273     
   1276.1078437877648     
   1276.1078437535054     
   132951.35776002673     
   132950.89816838267     
   41052.722944239031     
   41052.719856016360     
   3080505.9228010643     
   3080505.9225285281     
   3522228.4722875273     
   3522918.4899462014     
   15724272.734382665     
   15724272.734382184     
   0.0000000000000000     
   0.0000000000000000     
   10600155.809689101     
   10603611.824517027     
   23630.618157085035     
   23637.917814521621     
   514034.38722873252     
   513344.98445992550     
   2881574.3699894757     
   2881835.9140403378     
   206.28750275255496     
   205.78157952722182     
   35569084.001040116     
   35572210.589027576     
   12768.687741275469     
   12769.192720879204     
   129875.08049426453     
   129874.16060191767     
   1934343.3044132688     
   1934340.4156967478     
   6752705.6622371664     
   6752705.6599370521     
   28.725581360098602     
   28.725579740033510     
   9.2306561613485667E-003
   9.2306561396743540E-003
   2536.4508890775278     
   2536.4508040761607     
   1640444.1125379370     
   1640444.1145146289     
   47266919.164946713     
   47266919.164847247     
   7517885.2967097312     
   7517534.8891060548     
   48220.568276450795     
   48220.526087225146     
   1345899.9284105254     
   1346250.3327161071     
   1.1856392317414208     
   1.1856392317184035     
   1846.5828921814339     
   1846.5828911035749     
   1451.5365118097955     
   1451.5365118060279     
   1.5494983457555846     
   1.5494977255023208     
   815.90859817465162     
   815.90859794087544     
   118181.69019198162     
   118181.69008103618     
   2.8275378935691755     
   2.8275378835749918     
   89848.528822333188     
   89848.519704044622     
   235500.95268185562     
   235500.97604852344     
   175884.30034653985     
   175884.30725329492     
   23.132430956217952     
   23.132426958704006     
   11.561741494293614     
   11.561741485219367     
   297633.15276750951     
   297633.14465345396     
  0.90588759298700028     
  0.90586833402978184     
   1.1332291709415254     
   1.1332288365116063     
   191.93926721534939     
   191.93883041346621     
  0.42827037393029993     
  0.42827009018133971     
   68778.222258966955     
   68778.222489562075     
  0.38822483016892279     
  0.38821946180423206     
  0.40567275178688561     
  0.40567261424196699     
   2.0323577327600054E-002
   2.0323577536409437E-002
  0.56751043391601053     
  0.56751037863155795     
   1615.1593155746796     
   1615.1593006270182     
   265.89978205807728     
   265.89978202876972     
   4828865.1318608560     
   4828865.1299078278     
   3152.1834608429267     
   3152.1834608176819     
   7040136.1768110935     
   7040136.1763408855     
   5555251.7335725948     
   5555251.7333710017     
   5197268.6989295315     
   5197268.6989066442     
   8428386.8157286625     
   8428386.8157843538     
  0.56194322568274802     
  0.56193915075630751     
   5760.5401744431601     
   5760.5401733870103     
  0.39054241789974609     
  0.39054189862112693     
   230.69439221520520     
   230.69439221477074     
   69.351716473973866     
   69.351718144963684     
   53800.482959790119     
   53800.482948091361     
   113.55452221107161     
   113.55451406629527     
   1.5082838634318261E-002
   1.5082827640378695E-002
   6526.6104678294960     
   6526.6098481766730     
   1.8939317709015875     
   1.8939311675849515     
   4.5175802888085655E-002
   4.5175782193338301E-002
   48950.371848002840     
   48950.369550858566     
   0.0000000000000000     
   0.0000000000000000     
   128667.11657010492     
   128667.12126771887     
   1.7730422197179081E-002
   1.7729465667753044E-002
   2.0397837446051401E-008
   2.0393666437425975E-008
  0.77597776924598660     
  0.77596981650619656     
   2282831.7371306624     
   2282831.2272844878     
   26400.279614797681     
   26400.279291622021     
   4787.4148116714714     
   4787.4147516464946     
   2583.1586261015982     
   2583.1586248146796     
   36.993915768859459     
   36.993904505904766     
   167636.29928170450     
   167636.29915110918     
  0.70064472721330073     
  0.70064471535446771     
   1.1399178080743810     
   1.1399177864747105     
   1867225.1146497012     
   1867225.1100147760     
   1.4388508604511807     
   1.4388508572442931     
   2.5157070313581542     
   2.5157070246271038     
   1.2501524171510224E-008
   1.2498968752757176E-008
   133358.22827882203     
   133358.23089132717     
   41.938385813586230     
   41.938386760196956     
   192803.45753888745     
   192803.34183599424     
   231.26566940169010     
   231.26564753031440     
   63.192491641664752     
   63.192493028606911     
   0.0000000000000000     
   0.0000000000000000     
   1210.3801003595386     
   1210.3800995047991     
   0.0000000000000000     
   0.0000000000000000     
   0.0000000000000000     
   0.0000000000000000     
   0.0000000000000000     
   0.0000000000000000     
   227.81250264537087     
   227.81250613470306     
   11703.927821964711     
   11703.919856115914     
   72.921166544948463     
   72.921166543692607     
   55344.307218233800     
   55344.307014117301     
   2.0188208371668313     
   2.0188208357785746     
   50434.045022095197     
   50433.990879466241     
   7774.6018721906685     
   7774.5309059092679     
   6.0342002168365418     
   6.0341993300127141     
   167061.87361214968     
   167061.86944939144     
   8.8598409736365955     
   8.8598409553195570     
   358005.87293616799     
   358005.86240546202     
  0.34806183051170386     
  0.34806174679781476     
   7.3019794850315964     
   7.3019790788021837     
   138.44424500927548     
   138.44422267550917     
   274724.56895661686     
   274724.55808535573     
   6602.0099733701709     
   6602.0099714678772     
   692281.20607006410     
   692281.13217236311     
   2816093.6972747557     
   2816093.6205518604     
   18.518087996048322     
   18.518082970211420     
   1.0943063120733227E-003
   1.0938237597873464E-003
   2436.7584770318940     
   2436.7570849214580     
   5.9543544783793574E-004
   5.9508970243825300E-004
   3.3963466989854300E-002
   3.3963466892145598E-002
   65089.115545430097     
   65089.060454940547     
   1.7567922283355487E-003
   1.7567916706108205E-003
   387.41744586621036     
   387.41747317813901     
   2.6709255611219039E-003
   2.6709238113173362E-003
   0.0000000000000000     
   0.0000000000000000     
   2.0735887098921606     
   2.0735879051906436     
   1.1666894526448144     
   1.1666879391614451     
   5626.9778194016535     
   5626.9769220563840     
  0.38478530770723207     
  0.38478523644622420     
   1.0222237860587966     
   1.0222224837263989     
   2924.2128101323028     
   2924.2114570340264     
  0.25287823052075148     
  0.25287754397848172     
   815.73886579887619     
   815.73875453986454     
   3.3996626140041038E-006
   3.3762875754935971E-006
   1408087.1301013238     
   1408086.9843446969     
   13.667569120914642     
   13.667567525321855     
  0.39541744335104417     
  0.39541744308575510     
  0.49688863242697306     
  0.49688864081407763     
   143173.78555741036     
   143173.78389755430     
  0.25205867969945311     
  0.25205861943252905     
   46411.307067857786     
   46411.308008451371     
   1.2194895465298417     
   1.2194890949690560     
   63396.376270551809     
   63396.378698106324     
   122678.53985843626     
   122678.53440041811     
   108389.51267417107     
   108389.49077013734     
  0.38815571160260881     
  0.38815559300623814     
   6.9148723755626644     
   6.9148723794891529     
   7.2826562707234243E-006
   7.2827828672186401E-006
   3.6453313048597336     
   3.6453312366725519     
   1.8873118513550932E-002
   1.8873017615726274E-002
   1899562.2771061051     
   1899562.2766686964     
  0.90568803772402517     
  0.90568786912515065     
   96.029336892433889     
   96.029560009035634     
   898462.59796485992     
   898462.59777759144     
  0.41393929278327712     
  0.41393886114008660     
   12.216015255206162     
   12.216025174633938     
   7.6538504637194121E-003
   7.5885753635561177E-003
   136126.19366568522     
   136126.19561138988     
   130184.91154588603     
   130185.01708526074     
  0.72729423461871068     
  0.72728288821242204     
   7.3934117278018366E-002
   7.3934069872315628E-002
   743.02319983947211     
   743.02319989261264     
   50932.696357822409     
   50932.699265746975     
   8.5278329530543109E-002
   8.5286635319992574E-002
   0.0000000000000000     
   0.0000000000000000     
   0.0000000000000000     
   0.0000000000000000     
   0.0000000000000000     
   0.0000000000000000     
   0.0000000000000000     
   0.0000000000000000     
   0.0000000000000000     
   0.0000000000000000     
   0.0000000000000000     
   0.0000000000000000     
   42343.030155637629     
   42343.030081885685     
   70072.223049240216     
   70074.064715502667     
  0.10887207662313039     
  0.10887205482175726     
   1214004.4999913594     
   1214004.4852567646     
   0.0000000000000000     
   0.0000000000000000     
   0.0000000000000000     
   0.0000000000000000     
   3842.4346757359617     
   3842.4346749714764     
   0.0000000000000000     
   0.0000000000000000     
   10679.050291679565     
   10679.050290528345     
   94.896511949344827     
   94.896505762836767     
   822.63583217528367     
   822.63009926319262     
   423917.02940389403     
   423915.25561778172     
   22271.542748604308     
   22271.542748377498     
   4.3592012593924290     
   4.3592006252219608     
   237.71017008370472     
   237.71017004916880     
   1.7347305728438464E-003
   1.7347305691363072E-003
   3.0521990282504846E-003
   3.0521990204111240E-003
   526.67383470413654     
   526.67382924770322     
   4.7690896330115279E-002
   4.7690876867542739E-002
   7472.2847720461241     
   7472.2832689492516     
   21254.208559196930     
   21254.208558145521     
   14572.995380714827     
   14572.995459978316     
   3.7833464788555558E-002
   3.7833393661792523E-002
   87.192788449451271     
   87.192788017680840     
   5.2487820390751457E-004
   5.2487779324402687E-004
   8.3721781334345469     
   8.3721781200036123     
   3801.6170896772815     
   3801.6169765629625     
   18154.456500557746     
   18154.451031187717     
   1.0197232629291895     
   1.0197212970170748     
   12.948959753840942     
   12.948960606290244     
   154.49763551341670     
   154.48998775275876     
   9.0536686962207753     
   9.0536216596859429     
   14130.167792645934     
   14130.167788217672     
   3.6042641231389658     
   3.6042594302571973     
  0.25940737792011825     
  0.25940737684027609     
   4044.8610289915932     
   4044.8639818291081     
   188.27670003885916     
   188.27668619180145     
   7.4753594048236408E-002
   7.4753481381109932E-002
   52247.837555709462     
   52247.836800304402     
   3.7571804960045605E-003
   3.7571804958714760E-003
   2.4054002502734058     
   2.4054002489883066     
   53019.256373967546     
   53019.254621576183     
   7.6468180285297421E-002
   7.6468163223190347E-002
   1.2208381671870161     
   1.2208381671786213     
   299.65932096052273     
   299.65932093331878     
   66.419164706065771     
   66.419164615890821     
   1.1513241489141568E-002
   1.1513241489449121E-002
   4.7231347145506482E-003
   4.7231329489316031E-003
   346235.73576317681     
   346235.76080203505     
  0.15876353579578412     
  0.15876342921380499     
   35492.911927887260     
   35492.915486119033     
   1.5307694983912453E-002
   1.5307670496953911E-002
   3520.9628823225075     
   3520.9628204966275     
   2.1373815209639782E-002
   2.1373798460154830E-002
   410.66284452902198     
   410.66284456192813     
   6.7123206247852929     
   6.7123205912086519     
   1.6427482140732135     
   1.6427480868426572     
   95.017357984426425     
   95.017353290541990     
   7.7079133654155932E-002
   7.7079105245242932E-002
   4628.3984931886762     
   4628.3956697808471     
   8714.4702661163719     
   8714.4705364284237     
   23800.175222712151     
   23800.171961235254     
   1150147.9428088963     
   1150148.3263211004     
   79.595067748167608     
   79.594786655976520     
   90260.381379060156     
   90260.380847936991     
   9.3611733818078757E-003
   9.3611733813337723E-003
   4.7462234587098742     
   4.7443915301249255     
  0.28252974617984017     
  0.28252974477996551     
   3099.6418285573145     
   3099.6458899872332     
   178618.27338501759     
   178618.27748995743     
  0.36694290078931341     
  0.36694277241731366     
   1266.7801441871943     
   1266.7801439751806     
   382.55642822619433     
   382.55642503050416     
   6.0843552152425460     
   6.0843552151534057     
   2.4724959269788154     
   2.4724958697529420     
   1.9763359036794224     
   1.9763358816736694     
   163.23847589717550     
   163.23845848576963     
   1801.6256929661747     
   1801.6253685329270     
   4.6726821554105742E-002
   4.6726821422274703E-002
   8.3482041258196957E-002
   8.3482040978047053E-002
   11872.675568484807     
   11872.675482856219     
   3.0247937228441573     
   3.0247932368195514     
   859799.90220860881     
   859799.90280041553     
   56.580310728835606     
   56.579965254508338     
   13778.621322170771     
   13778.621314133386     
   9.2645647484206513E-003
   9.2645612319137913E-003
   1832.4351330149693     
   1832.4349243564111     
   11646.949521219902     
   11646.942695449270     
  0.59575068655944663     
  0.59574932444538164     
   4.4687440476867728     
   4.4687421839458725     
   1.1763198289179151     
   1.1763179179757768     
   11517.024819093178     
   11517.024421478722     
   4.0992605593771625     
   4.0992593578388901     
   16527.294527771137     
   16527.287337288304     
   1.7215503915212242     
   1.7215484792456355     
   0.0000000000000000     
   0.0000000000000000     
   0.0000000000000000     
   0.0000000000000000     
   0.0000000000000000     
   0.0000000000000000     
   0.0000000000000000     
   0.0000000000000000     
   1.2160377744947521E-006
   7.1035960997553073E-008
   0.0000000000000000     
   0.0000000000000000     
  0.48010052782950091     
  0.48010032427013999     
   89705.609732832716     
   89705.529230987624     
  0.67102484591426015     
  0.67102463538504176     
   1.1540456517595907     
   1.1539860625416398     
  0.93104353090850933     
  0.93104246043875383     
   166378.57174962678     
   166376.53915568729     
   686014.60422000079     
   686014.56923604780     
   26.778528073657707     
   26.778521272631572     
   15.459003110268583     
   15.458999493684935     
   2.7160156364906931     
   2.7160112645182215     
   75826.964474756329     
   75826.959837462666     
   0.0000000000000000     
   0.0000000000000000     
   0.0000000000000000     
   0.0000000000000000     
   0.0000000000000000     
   0.0000000000000000     
   0.0000000000000000     
   0.0000000000000000     
   488620.14130421053     
   488618.37668405089     
   3801.3583526829352     
   3801.4099576278986     
   7.7887344615666795E-005
   4.1714300902027256E-006
   0.0000000000000000     
   0.0000000000000000     
   0.0000000000000000     
   0.0000000000000000     
   50113.776327760745     
   50113.776453590603     
   6.0647430914830354     
   6.0647427854434257     
   72.475599634201487     
   72.475595989664981     
   137.34424127142950     
   137.34410626761368     
   394988.21938400430     
   394988.22539704439     
   115619.46274103457     
   115619.45759210586     
   2.2836070370263832     
   2.2836060756167464     
   8404.0811315045703     
   8404.0806325306567     
   0.0000000000000000     
   0.0000000000000000     
   19988.291408430250     
   19988.287970779133     
   36232.191526743678     
   36232.190706706700     
   2.5346877000804517     
   2.5346871430546041     
   1263214.8363346946     
   1263206.5364776345     
   51313.992607530257     
   51313.991802601828     
   16.814419921340122     
   16.814419495708933     
   11609.436899523289     
   11609.611438528316     
   186397.63119205754     
   186397.24080959961     
   1135.7032034574104     
   1135.7032045496173     
   13706.592680158115     
   13706.591456564085     
   10543040.996658273     
   10567367.710571220     
   369073450.79036939     
   369045053.11652446     
   12.109060203274636     
   12.009298375052683     
   0.0000000000000000     
   0.0000000000000000     
   74541.047056577037     
   89912.879457149538     
   1.1523416371710080     
   1.1523416371709450     
   0.0000000000000000     
   0.0000000000000000     
   0.0000000000000000     
   0.0000000000000000     
   0.0000000000000000     
   0.0000000000000000     
   0.0000000000000000     
   0.0000000000000000     
   0.0000000000000000     
   0.0000000000000000     
   0.0000000000000000     
   0.0000000000000000     
   0.0000000000000000     
   0.0000000000000000     
   0.0000000000000000     
   0.0000000000000000     
   0.0000000000000000     
   0.0000000000000000     
   0.0000000000000000     
   0.0000000000000000     
   0.0000000000000000     
   142804.65663025549     
   142804.71956720366     
   14288108631397.391     
   14288108621084.299     
   153595.26760045098     
   153595.26759385184     
   99477247553.437805     
   99477247523.966293     
   3694515034.5768170     
   3694539326.1466947     
   104472373577722.98     
   104472373719700.28     
   55462665.834833629     
   55462685.371549584     
   446.51832734346544     
   446.51832706134405     
   7501446.5792339388     
   7501446.5743466401     
   2262.8133859623476     
   284.04550844924768     
   1.5178160780943091E-010
   1.5183584104738205E-010
   13.464148450857497     
   13.464148449514150     
   27.622914980441411     
   27.622914980989666     
   39043601531048760.     
   39043601507555128.     
   6806549080057.9336     
   6806549071048.4609     
   24484272969.588543     
   24484272952.352226     
   296268.18604660896     
   296268.28496375872     
  0.77516812534417012     
  0.77516918661720513     
   311587935126.48645     
   311587934929.63385     
   11.205223678151667     
   11.205236006547812     
   43785242.162291035     
   43785242.310399577     
   2.1239420565616800E-018
   1.4624503405082526E-017
   7.4286667407735543     
  0.12885775909443578     
   2.1622788949111115E-007
   5.9462261058123600E-008
   7877.8365696659785     
   4419.8627492812011     
   3746.3704781214801     
   354.42223664496782     
   70884.448913384462     
   70619.106682529964     
   182.43850356215736     
   872.45550170730928     
   5.9369088693238207E-003
   5.9271721196464070E-003
   1.9829590837840110E-027
   1.2500544787937538E-017
   6.3477153395439823     
   5.8424789492706548     
   2202933179609.6582     
   2202933183784.9243     
   362.48515615959025     
   12.077470824210291     
   1518857.2605061235     
   1518962.5200676676     
   33896818357.763279     
   33896789884.946323     
   5.3941130653059203E-003
   1.5130476836398548E-002
   0.0000000000000000     
   0.0000000000000000     
   0.0000000000000000     
   0.0000000000000000     
   0.0000000000000000     
   0.0000000000000000     
   0.0000000000000000     
   0.0000000000000000     
   0.0000000000000000     
   0.0000000000000000     
   0.0000000000000000     
   0.0000000000000000     
   0.0000000000000000     
   0.0000000000000000     
   0.0000000000000000     
   0.0000000000000000     
   0.0000000000000000     
   0.0000000000000000     
   13604974934.663933     
   13604975390.975924     
   2.1439268841641918E+019
   2.1439268841623237E+019
   3.7077576624608596E-303
   3.7077576767195542E-303
   2.3940029803931949E-306
   2.3940030410898864E-306
   5.5937809879190312E-309
   5.5937585897846581E-309
   2.7262957113534718E-312
   2.7648621907253596E-312
   1.5860127545980864E-300
   1.5860127768200852E-300
   2.4016870837806710E-301
   2.4016871010854990E-301
   1.1556482798756920E-304
   1.1556482850806854E-304
   0.0000000000000000     
   0.0000000000000000     
   0.0000000000000000     
   0.0000000000000000     
   0.0000000000000000     
   0.0000000000000000     
   0.0000000000000000     
   0.0000000000000000     
   0.0000000000000000     
   0.0000000000000000     
   0.0000000000000000     
   0.0000000000000000     
   0.0000000000000000     
   0.0000000000000000     
   0.0000000000000000     
   0.0000000000000000     
   0.0000000000000000     
   0.0000000000000000     
   0.0000000000000000     
   0.0000000000000000     
   0.0000000000000000     
   0.0000000000000000     
   0.0000000000000000     
   0.0000000000000000     
   0.0000000000000000     
   0.0000000000000000     
   0.0000000000000000     
   1.6843247267726270E-315
   1.1371661937505051E-318
   5.8703463700869981E-315
   0.0000000000000000     
