  179.37
  181.00
  182.65
  184.33
  186.05
  187.79
  189.57
  191.39
  193.24
  195.12
  197.04
  199.00
  201.01
  203.05
  205.13
  207.25
  209.42
  211.64
  213.90
  216.22
  218.58
  220.99
  223.46
  225.99
  228.57
  231.21
  233.92
  236.69
  239.52
  242.42
  245.40
  248.45
  251.57
  254.78
  258.06
  261.44
  264.90
  268.46
  272.11
  275.86
  279.72
  283.69
  287.77
  291.97
  296.30
  299.00
  300.00
  301.00
  302.00
  303.00
  304.00
  305.00
  306.00
  307.00
  308.00
  309.00
  310.00
  311.00
  312.00
  313.00
  314.00
  315.00
  316.00
  317.00
  318.00
  319.00
  320.00
  321.00
  322.50
  324.50
  326.50
  330.00
  335.00
  340.00
  345.00
  350.00
  355.00
  360.00
  365.00
  370.00
  375.00
  380.00
  385.00
  390.00
  395.00
  400.00
  405.00
  410.00
  415.00
  420.00
  425.00
  430.00
  435.00
  440.00
  445.00
  450.00
  455.00
  460.00
  465.00
  470.00
  475.00
  480.00
  485.00
  490.00
  495.00
  500.00
  505.00
  510.00
  515.00
  520.00
  525.00
  530.00
  535.00
  540.00
  545.00
  550.00
  555.00
  560.00
  565.00
  570.00
  575.00
  580.00
  585.00
  590.00
  595.00
  600.00
  605.00
  610.00
  615.00
  620.00
  625.00
  630.00
  635.00
  640.00
  645.00
  650.00
  655.00
  660.00
  665.00
  670.00
  675.00
  680.00
  685.00
  690.00
  695.00
  700.00
  705.00
  710.00
  715.00
  720.00
  725.00
  730.00
  735.00
  740.00
  745.00
  750.00
  755.00
  760.00
  765.00
  770.00
  775.00
  780.00
  785.00
  790.00
  795.00
  800.00
  805.00
  810.00
  815.00
  820.00
  825.00
  830.00
  835.00
  840.00
  845.00
  850.00
