RUN  nml_temp nml_press   O3       NO2       C5H8     CO       J_COH2   J_H2O2   J_CHOH   J_NO2    J_NO2O  J_NOO2  J_O1D  
1    295.7156 101325      7.88E-8  7.88E-10  1.0E-10  70.0E-9  2.93E-5  4.57E-6  1.98E-5  5.76E-3  0.11    0.014   2.14E-5
2    291.0671 100000      9.48E-8  5.48E-10  2.0E-10  90.0E-9  2.88E-5  4.49E-6  1.95E-5  5.66E-3  0.11    0.014   2.10E-5
3    295.1781 99500       8.52E-8  8.43E-10  3.0E-10  85.0E-9  3.13E-5  4.87E-6  2.11E-5  6.15E-3  0.12    0.015   2.28E-5
4    296.6873 98000       8.52E-8  8.52E-10  5.0E-10  99.0E-9  3.82E-5  5.94E-6  2.58E-5  7.51E-3  0.14    0.018   2.78E-5
5    288.3522 99000       8.77E-8  1.00E-09  1.0E-09  95.0E-9  5.45E-5  8.44E-6  3.68E-5  9.62E-3  0.20    0.026   3.95E-5








