 int. wave (nm)     HOBr            BrO
    1     121.5      0.0000  0.0000e+00
    2     116.7      0.0000  0.0000e+00
    3     117.3      0.0000  0.0000e+00
    4     117.9      0.0000  0.0000e+00
    5     118.7      0.0000  0.0000e+00
    6     119.4      0.0000  0.0000e+00
    7     120.2      0.0000  0.0000e+00
    8     120.8      0.0000  0.0000e+00
    9     121.6      0.0000  0.0000e+00
   10     122.3      0.0000  0.0000e+00
   11     123.1      0.0000  0.0000e+00
   12     123.8      0.0000  0.0000e+00
   13     124.6      0.0000  0.0000e+00
   14     125.4      0.0000  0.0000e+00
   15     126.2      0.0000  0.0000e+00
   16     127.0      0.0000  0.0000e+00
   17     127.8      0.0000  0.0000e+00
   18     128.6      0.0000  0.0000e+00
   19     129.4      0.0000  0.0000e+00
   20     130.3      0.0000  0.0000e+00
   21     131.1      0.0000  0.0000e+00
   22     132.0      0.0000  0.0000e+00
   23     132.9      0.0000  0.0000e+00
   24     133.8      0.0000  0.0000e+00
   25     134.6      0.0000  0.0000e+00
   26     135.6      0.0000  0.0000e+00
   27     136.5      0.0000  0.0000e+00
   28     137.4      0.0000  0.0000e+00
   29     138.4      0.0000  0.0000e+00
   30     139.9      0.0000  0.0000e+00
   31     141.8      0.0000  0.0000e+00
   32     143.9      0.0000  0.0000e+00
   33     145.9      0.0000  0.0000e+00
   34     148.1      0.0000  0.0000e+00
   35     150.4      0.0000  0.0000e+00
   36     152.6      0.0000  0.0000e+00
   37     155.0      0.0000  0.0000e+00
   38     157.4      0.0000  0.0000e+00
   39     160.0      0.0000  0.0000e+00
   40     162.6      0.0000  0.0000e+00
   41     165.3      0.0000  0.0000e+00
   42     168.1      0.0000  0.0000e+00
   43     170.9      0.0000  0.0000e+00
   44     173.1      0.0000  0.0000e+00
   45     174.6      0.0000  0.0000e+00
   46     176.2      0.0000  0.0000e+00
   47     177.8      0.0000  0.0000e+00
   48     179.4      0.0000  0.0000e+00
   49     181.0      0.0000  0.0000e+00
   50     182.7      0.0000  0.0000e+00
   51     184.3      0.0000  0.0000e+00
   52     186.1      0.0000  0.0000e+00
   53     187.8      0.0000  0.0000e+00
   54     189.6      0.0000  0.0000e+00
   55     191.4      0.0000  0.0000e+00
   56     193.2      0.0000  0.0000e+00
   57     195.1      0.0000  0.0000e+00
   58     197.0      0.0000  0.0000e+00
   59     199.0      0.0000  0.0000e+00
   60     201.0      0.0000  0.0000e+00
   61     203.1      0.0000  0.0000e+00
   62     205.1      0.0000  0.0000e+00
   63     207.3      0.0000  0.0000e+00
   64     209.4      0.0000  0.0000e+00
   65     211.6      0.0000  0.0000e+00
   66     213.9      0.0000  0.0000e+00
   67     216.2      0.0000  0.0000e+00
   68     218.6      0.0000  0.0000e+00
   69     221.0      0.0000  0.0000e+00
   70     223.5      0.0000  0.0000e+00
   71     226.0      0.0000  0.0000e+00
   72     228.6      0.0000  0.0000e+00
   73     231.2      0.0000  0.0000e+00
   74     233.9      0.0000  0.0000e+00
   75     236.7      0.0000  0.0000e+00
   76     239.5      0.0000  0.0000e+00
   77     242.4      0.0000  0.0000e+00
   78     245.4      0.0000  0.0000e+00
   79     248.5      0.0000  0.0000e+00
   80     251.6  4.9414e-20  0.0000e+00
   81     254.8  6.7967e-20  0.0000e+00
   82     258.1  9.0705e-20  0.0000e+00
   83     261.4  1.1639e-19  0.0000e+00
   84     264.9  1.4547e-19  0.0000e+00
   85     268.5  1.7536e-19  0.0000e+00
   86     272.1  2.0279e-19  0.0000e+00
   87     275.9  2.2646e-19  0.0000e+00
   88     279.7  2.4245e-19  0.0000e+00
   89     283.7  2.4951e-19  0.0000e+00
   90     287.8  2.4616e-19  0.0000e+00
   91     292.0  2.3297e-19  0.0000e+00
   92     296.3  2.1205e-19  0.0000e+00
   93     300.8  1.8604e-19  2.0000e-18
   94     305.3  1.5996e-19  2.3304e-18
   95     310.0  1.3638e-19  3.5650e-18
   96     315.0  1.1814e-19  4.2250e-18
   97     320.0  1.0794e-19  4.9550e-18
   98     325.0  1.0509e-19  6.7650e-18
   99     330.0  1.0766e-19  6.9050e-18
  100     335.0  1.1314e-19  6.0850e-18
  101     340.0  1.1901e-19  5.5200e-18
  102     345.0  1.2318e-19  4.5700e-18
  103     350.0  1.2422e-19  3.1350e-18
  104     355.0  1.2146e-19  2.0000e-18
  105     360.0  1.1492e-19  1.6650e-18
  106     365.0  1.0518e-19  1.2650e-18
  107     370.0  9.3172e-20  7.1500e-19
  108     375.0  7.9951e-20  2.5500e-19
  109     380.0  6.6531e-20  0.0000e+00
  110     385.0  5.3754e-20  0.0000e+00
  111     390.0  4.2233e-20  0.0000e+00
  112     395.0  3.2343e-20  0.0000e+00
  113     400.0  2.4259e-20  0.0000e+00
  114     405.0  1.8013e-20  0.0000e+00
  115     410.0  1.3558e-20  0.0000e+00
  116     415.0  1.0811e-20  0.0000e+00
  117     420.0  9.6663e-21  0.0000e+00
  118     425.0  9.9796e-21  0.0000e+00
  119     430.0  1.1526e-20  0.0000e+00
  120     435.0  1.3965e-20  0.0000e+00
  121     440.0  1.6840e-20  0.0000e+00
  122     445.0  1.9615e-20  0.0000e+00
  123     450.0  2.1768e-20  0.0000e+00
  124     455.0  2.2890e-20  0.0000e+00
  125     460.0  2.2772e-20  0.0000e+00
  126     465.0  2.1438e-20  0.0000e+00
  127     470.0  1.9116e-20  0.0000e+00
  128     475.0  1.6168e-20  0.0000e+00
  129     480.0  1.2990e-20  0.0000e+00
  130     485.0  9.9279e-21  0.0000e+00
  131     490.0  7.2292e-21  0.0000e+00
  132     495.0  5.0226e-21  0.0000e+00
  133     500.0  3.3343e-21  0.0000e+00
  134     505.0  2.1179e-21  0.0000e+00
  135     510.0  1.2889e-21  0.0000e+00
  136     515.0  7.5249e-22  0.0000e+00
  137     520.0  4.2198e-22  0.0000e+00
  138     525.0  2.2757e-22  0.0000e+00
  139     530.0  1.1816e-22  0.0000e+00
  140     535.0  5.9138e-23  0.0000e+00
  141     540.0  2.8559e-23  0.0000e+00
  142     545.0  1.3322e-23  0.0000e+00
  143     550.0  6.0086e-24  0.0000e+00
  144     555.0      0.0000  0.0000e+00
  145     560.0      0.0000  0.0000e+00
  146     565.0      0.0000  0.0000e+00
  147     570.0      0.0000  0.0000e+00
  148     575.0      0.0000  0.0000e+00
  149     580.0      0.0000  0.0000e+00
  150     585.0      0.0000  0.0000e+00
  151     590.0      0.0000  0.0000e+00
  152     595.0      0.0000  0.0000e+00
  153     600.0      0.0000  0.0000e+00
  154     605.0      0.0000  0.0000e+00
  155     610.0      0.0000  0.0000e+00
  156     615.0      0.0000  0.0000e+00
  157     620.0      0.0000  0.0000e+00
  158     625.0      0.0000  0.0000e+00
  159     630.0      0.0000  0.0000e+00
  160     635.0      0.0000  0.0000e+00
  161     640.0      0.0000  0.0000e+00
  162     645.0      0.0000  0.0000e+00
  163     650.0      0.0000  0.0000e+00
  164     655.0      0.0000  0.0000e+00
  165     660.0      0.0000  0.0000e+00
  166     665.0      0.0000  0.0000e+00
  167     670.0      0.0000  0.0000e+00
  168     675.0      0.0000  0.0000e+00
  169     680.0      0.0000  0.0000e+00
  170     685.0      0.0000  0.0000e+00
  171     690.0      0.0000  0.0000e+00
  172     695.0      0.0000  0.0000e+00
  173     700.0      0.0000  0.0000e+00
  174     705.0      0.0000  0.0000e+00
  175     710.0      0.0000  0.0000e+00
  176     715.0      0.0000  0.0000e+00
  177     720.0      0.0000  0.0000e+00
  178     725.0      0.0000  0.0000e+00
  179     730.0      0.0000  0.0000e+00
  180     735.0      0.0000  0.0000e+00
  181     740.0      0.0000  0.0000e+00
  182     745.0      0.0000  0.0000e+00
  183     750.0      0.0000  0.0000e+00
  184     755.0      0.0000  0.0000e+00
  185     760.0      0.0000  0.0000e+00
  186     765.0      0.0000  0.0000e+00
  187     770.0      0.0000  0.0000e+00
  188     775.0      0.0000  0.0000e+00
  189     780.0      0.0000  0.0000e+00
  190     785.0      0.0000  0.0000e+00
  191     790.0      0.0000  0.0000e+00
  192     795.0      0.0000  0.0000e+00
  193     800.0      0.0000  0.0000e+00
  194     805.0      0.0000  0.0000e+00
  195     810.0      0.0000  0.0000e+00
  196     815.0      0.0000  0.0000e+00
  197     820.0      0.0000  0.0000e+00
  198     825.0      0.0000  0.0000e+00
  199     830.0      0.0000  0.0000e+00
  200     835.0      0.0000  0.0000e+00
  201     840.0      0.0000  0.0000e+00
  202     845.0      0.0000  0.0000e+00
  203     850.0      0.0000  0.0000e+00

HOBr crosssec. JPL97 (Rattigan)
BrO cross sec  JPL97 Table 53 (average)
