  2.0500E+01  4.7400E-01  4.7400E-01  6.2400E-01  6.2400E-01  9.4900E-01  9.4900E-01
  2.7500E+01  5.5000E-02  5.5000E-02  1.2060E+00  1.2060E+00  1.1100E-01  1.1100E-01
  3.8000E+01  1.2700E-01  1.2700E-01  1.3500E-01  1.3500E-01  2.5400E-01  2.5400E-01
  5.2000E+01  2.4300E-01  2.4300E-01  2.7700E-01  2.7700E-01  5.1400E-01  5.1400E-01
  6.5000E+01  4.2500E-01  4.2500E-01  4.3400E-01  4.3400E-01  8.1300E-01  8.1300E-01
  7.5000E+01  6.4100E-01  6.4100E-01  6.1400E-01  6.1400E-01  1.1420E+00  1.1420E+00
  8.5000E+01  9.0400E-01  9.0400E-01  8.6000E-01  8.6000E-01  1.5830E+00  1.5830E+00
  9.5000E+01  1.1220E+00  1.1220E+00  1.1290E+00  1.1290E+00  2.0080E+00  2.0080E+00
  1.0500E+02  1.3400E+00  1.3400E+00  1.4010E+00  1.4010E+00  2.4370E+00  2.4370E+00
  1.1500E+02  1.6130E+00  1.6130E+00  1.7340E+00  1.7340E+00  2.9580E+00  2.9580E+00
  1.2500E+02  1.9120E+00  1.9120E+00  2.1840E+00  2.1840E+00  3.6430E+00  3.6430E+00
  1.3500E+02  2.0840E+00  2.0840E+00  2.4220E+00  2.4220E+00  4.0440E+00  4.0440E+00
  1.4500E+02  2.2310E+00  2.2310E+00  3.0300E+00  3.0300E+00  5.0530E+00  5.0530E+00
  1.5500E+02  2.3300E+00  2.3300E+00  3.5000E+00  3.5000E+00  5.7320E+00  5.7320E+00
  1.6500E+02  3.0180E+00  3.0180E+00  4.1040E+00  4.1040E+00  6.5290E+00  6.5290E+00
  1.7500E+02  3.4470E+00  3.4470E+00  4.4590E+00  4.4590E+00  6.9510E+00  6.9510E+00
  1.8500E+02  3.8820E+00  3.8820E+00  5.0780E+00  5.0780E+00  7.6460E+00  7.6460E+00
  1.9500E+02  4.2000E+00  4.2000E+00  5.7310E+00  5.7310E+00  8.3960E+00  8.3960E+00
  2.0500E+02  4.4960E+00  4.4960E+00  6.3950E+00  6.3950E+00  9.0410E+00  9.0410E+00
  2.1500E+02  4.8660E+00  4.8660E+00  7.3930E+00  7.3930E+00  9.9210E+00  9.9210E+00
  2.2500E+02  5.1700E+00  5.1700E+00  8.3210E+00  8.3210E+00  1.0738E+01  1.0738E+01
  2.3500E+02  5.4270E+00  5.4270E+00  9.0880E+00  9.0880E+00  1.1476E+01  1.1476E+01
  2.4500E+02  5.6720E+00  5.6720E+00  9.7120E+00  9.7120E+00  1.2227E+01  1.2227E+01
  2.5500E+02  6.0570E+00  6.0570E+00  1.0209E+01  1.0209E+01  1.3395E+01  1.3395E+01
  2.6500E+02  6.2590E+00  6.2590E+00  1.0354E+01  1.0354E+01  1.4010E+01  1.4010E+01
  2.7500E+02  6.6700E+00  6.6700E+00  1.0619E+01  1.0619E+01  1.5088E+01  1.5088E+01
  2.8500E+02  7.0990E+00  7.0990E+00  1.0910E+01  1.0910E+01  1.5817E+01  1.5817E+01
  2.9500E+02  7.4570E+00  7.4570E+00  1.1237E+01  1.1237E+01  1.6390E+01  1.6390E+01
  3.0500E+02  7.6980E+00  7.6980E+00  1.1698E+01  1.1698E+01  1.6812E+01  1.6812E+01
  3.1500E+02  8.1530E+00  8.1530E+00  1.2531E+01  1.2531E+01  1.7145E+01  1.7145E+01
  3.2500E+02  8.2700E+00  8.2700E+00  1.2775E+01  1.2775E+01  1.7206E+01  1.7206E+01
  3.3500E+02  8.7730E+00  8.7730E+00  1.3985E+01  1.3985E+01  1.7408E+01  1.7408E+01
  3.4500E+02  9.1540E+00  9.1540E+00  1.5014E+01  1.5014E+01  1.7713E+01  1.7713E+01
  3.5500E+02  9.4420E+00  9.4420E+00  1.5821E+01  1.5821E+01  1.7920E+01  1.7920E+01
  3.6500E+02  9.8200E+00  9.8200E+00  1.6863E+01  1.6863E+01  1.8304E+01  1.8304E+01
  3.7500E+02  0.0000E+00  0.0000E+00  0.0000E+00  0.0000E+00  0.0000E+00  0.0000E+00
  3.8500E+02  0.0000E+00  0.0000E+00  0.0000E+00  0.0000E+00  0.0000E+00  0.0000E+00
  3.9500E+02  1.1777E+01  1.1777E+01  2.0052E+01  2.0052E+01  1.9593E+01  1.9593E+01
  4.0500E+02  1.1626E+01  1.1626E+01  2.0277E+01  2.0277E+01  1.9687E+01  1.9687E+01
  4.1500E+02  1.1210E+01  1.1210E+01  2.1621E+01  2.1621E+01  2.0217E+01  2.0217E+01
  4.2500E+02  0.0000E+00  0.0000E+00  0.0000E+00  0.0000E+00  0.0000E+00  0.0000E+00
  4.3500E+02  1.1428E+01  1.1428E+01  2.2833E+01  2.2833E+01  2.0826E+01  2.0826E+01
  4.4500E+02  0.0000E+00  0.0000E+00  0.0000E+00  0.0000E+00  0.0000E+00  0.0000E+00
  4.5500E+02  1.2039E+01  1.2039E+01  2.3070E+01  2.3070E+01  2.1580E+01  2.1580E+01
  4.6500E+02  1.1929E+01  1.1929E+01  2.3164E+01  2.3164E+01  2.1908E+01  2.1908E+01
  4.7500E+02  1.1956E+01  1.1956E+01  2.3433E+01  2.3433E+01  2.2348E+01  2.2348E+01
  4.8500E+02  1.2787E+01  1.2787E+01  2.3543E+01  2.3543E+01  2.2828E+01  2.2828E+01
  4.9500E+02  1.2014E+01  1.2014E+01  2.3500E+01  2.3500E+01  2.3419E+01  2.3419E+01
  5.0500E+02  1.1839E+01  1.1839E+01  2.3636E+01  2.3636E+01  2.3808E+01  2.3808E+01
  5.1500E+02  1.1956E+01  1.1956E+01  2.4250E+01  2.4250E+01  2.4280E+01  2.4280E+01
  5.2500E+02  1.2042E+01  1.2042E+01  2.4783E+01  2.4783E+01  2.4666E+01  2.4666E+01
  5.3500E+02  1.2240E+01  1.2240E+01  2.5231E+01  2.5231E+01  2.5251E+01  2.5251E+01
  5.4500E+02  1.2356E+01  1.2356E+01  2.5132E+01  2.5132E+01  2.5281E+01  2.5281E+01
  5.5500E+02  1.2591E+01  1.2591E+01  2.4109E+01  2.4109E+01  2.6041E+01  2.6041E+01
  5.6500E+02  1.2800E+01  1.2800E+01  2.2949E+01  2.2949E+01  2.5973E+01  2.5973E+01
  5.7500E+02  1.2923E+01  1.2923E+01  2.2477E+01  2.2477E+01  2.5662E+01  2.5662E+01
  5.8500E+02  1.3086E+01  1.3086E+01  2.2400E+01  2.2400E+01  2.2735E+01  2.2735E+01
  5.9500E+02  1.3289E+01  1.3289E+01  2.2561E+01  2.2561E+01  2.7786E+01  2.7786E+01
  6.0500E+02  1.3398E+01  1.3398E+01  2.2795E+01  2.2795E+01  2.8075E+01  2.6391E+01
  6.1500E+02  1.3400E+01  1.3400E+01  2.2998E+01  2.2998E+01  2.6428E+01  2.5688E+01
  6.2500E+02  1.3400E+01  1.3400E+01  2.3364E+01  2.3364E+01  3.1681E+01  3.0699E+01
  6.3500E+02  1.3315E+01  1.3315E+01  2.3618E+01  2.3618E+01  2.6167E+01  2.5984E+01
  6.4500E+02  1.3236E+01  1.3236E+01  2.3722E+01  2.3722E+01  2.5576E+01  2.4988E+01
  6.5500E+02  1.2908E+01  1.2908E+01  2.4007E+01  2.4007E+01  2.7117E+01  2.6249E+01
  6.6500E+02  1.2442E+01  1.2442E+01  2.5744E+01  2.3350E+01  2.5686E+01  2.5403E+01
  6.7500E+02  1.0984E+01  1.0984E+01  3.4300E+01  3.3305E+01  2.0858E+01  2.0441E+01
  6.8500E+02  2.2367E+01  2.2367E+01  3.2304E+01  3.0689E+01  2.0564E+01  2.0420E+01
  6.9500E+02  9.2390E+00  9.2390E+00  3.3307E+01  2.7845E+01  2.1275E+01  1.9616E+01
  7.0500E+02  1.1508E+01  1.1508E+01  2.6760E+01  2.5609E+01  2.7857E+01  2.4013E+01
  7.1500E+02  8.9990E+00  8.9990E+00  2.3656E+01  1.6772E+01  2.9614E+01  2.4639E+01
  7.2500E+02  1.5863E+01  1.5863E+01  3.1888E+01  1.7857E+01  3.0228E+01  2.5694E+01
  7.3500E+02  1.0877E+01  1.0877E+01  2.2774E+01  1.2435E+01  3.3398E+01  2.9891E+01
  7.4500E+02  1.2935E+01  1.2935E+01  2.3343E+01  8.3101E+00  2.0066E+01  1.5110E+01
  7.5500E+02  9.9280E+00  9.9280E+00  2.5714E+01  1.3191E+01  1.9926E+01  1.2474E+01
  7.6500E+02  4.0160E+00  4.0160E+00  7.7568E+01  4.1809E+01  2.0334E+01  1.0980E+01
  7.7500E+02  3.8740E+00  3.8740E+00  1.9426E+01  1.0335E+01  1.9592E+01  9.3650E+00
  7.8500E+02  3.7400E+00  3.7400E+00  3.5519E+01  1.0656E+01  2.5817E+01  1.0662E+01
  7.9500E+02  7.0520E+00  7.0520E+00  3.1780E+01  1.3125E+01  2.7221E+01  1.0344E+01
  8.0500E+02  3.5490E+00  3.5490E+00  2.1244E+01  0.0000E+00  3.3652E+01  1.1879E+01
  8.1500E+02  5.8910E+00  5.8910E+00  3.6578E+01  0.0000E+00  3.2877E+01  1.4565E+01
  8.2500E+02  2.9280E+00  2.9280E+00  1.0442E+01  0.0000E+00  2.0572E+01  7.7968E+00
  8.3500E+02  3.3000E+00  3.3000E+00  1.5259E+01  0.0000E+00  1.2586E+01  4.8079E+00
  8.4500E+02  3.2530E+00  3.2530E+00  1.4269E+01  0.0000E+00  1.2059E+01  4.3171E+00
  8.5500E+02  3.1280E+00  3.1280E+00  1.7543E+01  0.0000E+00  8.9930E+00  3.8220E+00
  8.6500E+02  3.1000E+00  3.1000E+00  1.1547E+01  0.0000E+00  7.5390E+00  4.5611E+00
  8.7500E+02  1.1191E+01  1.1191E+01  3.0085E+01  0.0000E+00  9.2000E+00  5.9064E+00
  8.8500E+02  3.4420E+00  3.4420E+00  3.1750E+01  0.0000E+00  9.8220E+00  6.6200E+00
  8.9500E+02  2.7580E+00  2.7580E+00  1.2242E+01  0.0000E+00  7.5480E+00  5.3968E+00
  9.0500E+02  2.7500E+00  2.7500E+00  8.0030E+00  0.0000E+00  9.6560E+00  6.5371E+00
  9.1500E+02  2.9100E-01  2.9100E-01  5.9400E+00  0.0000E+00  1.1892E+01  8.2293E+00
  9.2500E+02  0.0000E+00  0.0000E+00  1.8373E+01  0.0000E+00  6.7140E+00  5.3242E+00
  9.3500E+02  0.0000E+00  0.0000E+00  1.2784E+01  0.0000E+00  2.4466E+01  1.9744E+01
  9.4500E+02  0.0000E+00  0.0000E+00  1.2826E+01  0.0000E+00  1.3639E+01  1.0543E+01
  9.5500E+02  0.0000E+00  0.0000E+00  1.1971E+01  0.0000E+00  2.7315E+01  2.1306E+01
  9.6500E+02  0.0000E+00  0.0000E+00  2.1565E+01  0.0000E+00  2.3525E+01  1.8655E+01
  9.7500E+02  0.0000E+00  0.0000E+00  2.2400E+00  0.0000E+00  2.0407E+01  1.6060E+01
  9.8500E+02  0.0000E+00  0.0000E+00  4.5020E+00  0.0000E+00  6.2430E+00  5.0319E+00
  9.9500E+02  0.0000E+00  0.0000E+00  0.0000E+00  0.0000E+00  1.3573E+01  9.6775E+00
  1.0050E+03  0.0000E+00  0.0000E+00  0.0000E+00  0.0000E+00  3.2490E+00  2.7617E+00
  1.0150E+03  0.0000E+00  0.0000E+00  0.0000E+00  0.0000E+00  1.3230E+00  1.0266E+00
  1.0250E+03  0.0000E+00  0.0000E+00  0.0000E+00  0.0000E+00  1.6320E+00  1.0004E+00
  1.0350E+03  0.0000E+00  0.0000E+00  0.0000E+00  0.0000E+00  1.1500E+00  0.0000E+00
  1.0450E+03  0.0000E+00  0.0000E+00  0.0000E+00  0.0000E+00  1.1500E+00  0.0000E+00
  1.0550E+03  0.0000E+00  0.0000E+00  0.0000E+00  0.0000E+00  1.2190E+00  0.0000E+00
  1.0650E+03  0.0000E+00  0.0000E+00  0.0000E+00  0.0000E+00  1.1850E+00  0.0000E+00
  1.0750E+03  0.0000E+00  0.0000E+00  0.0000E+00  0.0000E+00  1.1460E+00  0.0000E+00
  1.0850E+03  0.0000E+00  0.0000E+00  0.0000E+00  0.0000E+00  1.2710E+00  0.0000E+00
  1.0950E+03  0.0000E+00  0.0000E+00  0.0000E+00  0.0000E+00  0.7044E+00  0.0000E+00
  1.1050E+03  0.0000E+00  0.0000E+00  0.0000E+00  0.0000E+00  0.5418E+00  0.0000E+00
  1.1150E+03  0.0000E+00  0.0000E+00  0.0000E+00  0.0000E+00  0.6010E+00  0.0000E+00
  1.1250E+03  0.0000E+00  0.0000E+00  0.0000E+00  0.0000E+00  0.8278E+00  0.0000E+00
  1.1350E+03  0.0000E+00  0.0000E+00  0.0000E+00  0.0000E+00  0.8177E+00  0.0000E+00
  1.1450E+03  0.0000E+00  0.0000E+00  0.0000E+00  0.0000E+00  0.0373E+00  0.0000E+00
  1.1550E+03  0.0000E+00  0.0000E+00  0.0000E+00  0.0000E+00  1.7388E+00  0.0000E+00
  1.1650E+03  0.0000E+00  0.0000E+00  0.0000E+00  0.0000E+00  2.2660E+00  0.0000E+00
  1.1750E+03  0.0000E+00  0.0000E+00  0.0000E+00  0.0000E+00  0.9438E+00  0.0000E+00
  1.1850E+03  0.0000E+00  0.0000E+00  0.0000E+00  0.0000E+00  0.0782E+00  0.0000E+00
  1.1950E+03  0.0000E+00  0.0000E+00  0.0000E+00  0.0000E+00  0.9183E+00  0.0000E+00
  1.2050E+03  0.0000E+00  0.0000E+00  0.0000E+00  0.0000E+00  7.5000E+00  0.0000E+00
  1.2150E+03  0.0000E+00  0.0000E+00  0.0000E+00  0.0000E+00  0.6000E+00  0.0000E+00
  1.12567E+03  0.0000E+00  0.0000E+00  0.0000E+00  0.0000E+00  0.0100E+00  0.0000E+00
  1.2250E+03  0.0000E+00  0.0000E+00  0.0000E+00  0.0000E+00  0.1300E+00  0.0000E+00
  1.2350E+03  0.0000E+00  0.0000E+00  0.0000E+00  0.0000E+00  0.6500E+00  0.0000E+00
  1.2450E+03  0.0000E+00  0.0000E+00  0.0000E+00  0.0000E+00  1.7000E+01  0.0000E+00
  1.2550E+03  0.0000E+00  0.0000E+00  0.0000E+00  0.0000E+00  0.9500E+00  0.0000E+00
  1.2650E+03  0.0000E+00  0.0000E+00  0.0000E+00  0.0000E+00  0.1500E+00  0.0000E+00
  1.2750E+03  0.0000E+00  0.0000E+00  0.0000E+00  0.0000E+00  0.1200E+00  0.0000E+00
  1.2850E+03  0.0000E+00  0.0000E+00  0.0000E+00  0.0000E+00  0.4000E+00  0.0000E+00
  1.2950E+03  0.0000E+00  0.0000E+00  0.0000E+00  0.0000E+00  0.6000E+00  0.0000E+00
  1.3050E+03  0.0000E+00  0.0000E+00  0.0000E+00  0.0000E+00  0.4000E+00  0.0000E+00
  1.3150E+03  0.0000E+00  0.0000E+00  0.0000E+00  0.0000E+00  0.8000E+00  0.0000E+00
  1.3250E+03  0.0000E+00  0.0000E+00  0.0000E+00  0.0000E+00  2.0000E+00  0.0000E+00
  1.3350E+03  0.0000E+00  0.0000E+00  0.0000E+00  0.0000E+00  2.3000E+00  0.0000E+00
  1.3450E+03  0.0000E+00  0.0000E+00  0.0000E+00  0.0000E+00  4.5000E+00  0.0000E+00
  1.3550E+03  0.0000E+00  0.0000E+00  0.0000E+00  0.0000E+00  6.8000E+00  0.0000E+00
  1.3650E+03  0.0000E+00  0.0000E+00  0.0000E+00  0.0000E+00  9.8000E+00  0.0000E+00
  1.3750E+03  0.0000E+00  0.0000E+00  0.0000E+00  0.0000E+00  9.0000E+00  0.0000E+00
  1.3850E+03  0.0000E+00  0.0000E+00  0.0000E+00  0.0000E+00  1.2000E+01  0.0000E+00
  1.3950E+03  0.0000E+00  0.0000E+00  0.0000E+00  0.0000E+00  1.3000E+01  0.0000E+00
  1.4050E+03  0.0000E+00  0.0000E+00  0.0000E+00  0.0000E+00  1.4000E+01  0.0000E+00
  1.4150E+03  0.0000E+00  0.0000E+00  0.0000E+00  0.0000E+00  1.4000E+01  0.0000E+00
  1.4250E+03  0.0000E+00  0.0000E+00  0.0000E+00  0.0000E+00  1.3900E+01  0.0000E+00
  1.4350E+03  0.0000E+00  0.0000E+00  0.0000E+00  0.0000E+00  1.4400E+01  0.0000E+00
  1.4450E+03  0.0000E+00  0.0000E+00  0.0000E+00  0.0000E+00  1.4000E+01  0.0000E+00
  1.4550E+03  0.0000E+00  0.0000E+00  0.0000E+00  0.0000E+00  1.4100E+01  0.0000E+00
  1.4650E+03  0.0000E+00  0.0000E+00  0.0000E+00  0.0000E+00  1.3400E+01  0.0000E+00
  1.4750E+03  0.0000E+00  0.0000E+00  0.0000E+00  0.0000E+00  1.3000E+01  0.0000E+00
  1.4850E+03  0.0000E+00  0.0000E+00  0.0000E+00  0.0000E+00  1.2600E+01  0.0000E+00
  1.4950E+03  0.0000E+00  0.0000E+00  0.0000E+00  0.0000E+00  1.2200E+01  0.0000E+00
  1.5050E+03  0.0000E+00  0.0000E+00  0.0000E+00  0.0000E+00  1.1500E+01  0.0000E+00
  1.5150E+03  0.0000E+00  0.0000E+00  0.0000E+00  0.0000E+00  1.0700E+01  0.0000E+00
  1.5250E+03  0.0000E+00  0.0000E+00  0.0000E+00  0.0000E+00  9.9550E+00  0.0000E+00
  1.5350E+03  0.0000E+00  0.0000E+00  0.0000E+00  0.0000E+00  9.0550E+00  0.0000E+00
  1.5450E+03  0.0000E+00  0.0000E+00  0.0000E+00  0.0000E+00  8.5000E+00  0.0000E+00
  1.5550E+03  0.0000E+00  0.0000E+00  0.0000E+00  0.0000E+00  8.0550E+00  0.0000E+00
  1.5650E+03  0.0000E+00  0.0000E+00  0.0000E+00  0.0000E+00  7.1300E+00  0.0000E+00
  1.5750E+03  0.0000E+00  0.0000E+00  0.0000E+00  0.0000E+00  6.5100E+00  0.0000E+00
  1.5850E+03  0.0000E+00  0.0000E+00  0.0000E+00  0.0000E+00  5.4600E+00  0.0000E+00
  1.5950E+03  0.0000E+00  0.0000E+00  0.0000E+00  0.0000E+00  5.0000E+00  0.0000E+00
  1.6050E+03  0.0000E+00  0.0000E+00  0.0000E+00  0.0000E+00  4.6850E+00  0.0000E+00
  1.6150E+03  0.0000E+00  0.0000E+00  0.0000E+00  0.0000E+00  3.9300E+00  0.0000E+00
  1.6250E+03  0.0000E+00  0.0000E+00  0.0000E+00  0.0000E+00  3.4500E+00  0.0000E+00
  1.6350E+03  0.0000E+00  0.0000E+00  0.0000E+00  0.0000E+00  2.9200E+00  0.0000E+00
  1.6450E+03  0.0000E+00  0.0000E+00  0.0000E+00  0.0000E+00  2.4600E+00  0.0000E+00
  1.6550E+03  0.0000E+00  0.0000E+00  0.0000E+00  0.0000E+00  2.0800E+00  0.0000E+00
  1.6650E+03  0.0000E+00  0.0000E+00  0.0000E+00  0.0000E+00  1.7700E+00  0.0000E+00
  1.6750E+03  0.0000E+00  0.0000E+00  0.0000E+00  0.0000E+00  1.4700E+00  0.0000E+00
  1.6850E+03  0.0000E+00  0.0000E+00  0.0000E+00  0.0000E+00  1.2300E+00  0.0000E+00
  1.6950E+03  0.0000E+00  0.0000E+00  0.0000E+00  0.0000E+00  0.9930E+00  0.0000E+00
  1.7050E+03  0.0000E+00  0.0000E+00  0.0000E+00  0.0000E+00  0.7670E+00  0.0000E+00
  1.7150E+03  0.0000E+00  0.0000E+00  0.0000E+00  0.0000E+00  0.6500E+00  0.0000E+00
  1.7250E+03  0.0000E+00  0.0000E+00  0.0000E+00  0.0000E+00  0.5230E+00  0.0000E+00
  1.7350E+03  0.0000E+00  0.0000E+00  0.0000E+00  0.0000E+00  0.4370E+00  0.0000E+00
  1.7450E+03  0.0000E+00  0.0000E+00  0.0000E+00  0.0000E+00  0.3015E+00  0.0000E+00
  1.7550E+03  0.0000E+00  0.0000E+00  0.0000E+00  0.0000E+00  0.0029E+00  0.0000E+00
  1.7650E+03  0.0000E+00  0.0000E+00  0.0000E+00  0.0000E+00  0.0148E+00  0.0000E+00
  1.7750E+03  0.0000E+00  0.0000E+00  0.0000E+00  0.0000E+00  0.3682E+00  0.0000E+00
  1.7850E+03  0.0000E+00  0.0000E+00  0.0000E+00  0.0000E+00  0.0090E+00  0.0000E+00
  1.7950E+03  0.0000E+00  0.0000E+00  0.0000E+00  0.0000E+00  0.0799E+00  0.0000E+00

Photoabsorption and ionization cross sections
wavelength bins(Angstroms), csao(x10-18 cm-2), csio, csan2, csin2, csao2, csio2

ALD 15/9/03:
For wavelnegth bins 2-4,4-8,8-18,  the cross sections and fluxes 
are from Stan Solomon, based on Henke. They are not listed in this table and
are in the routine thermoheat.f as a data table.
I only have flux values at 2 F107s and a simple extrapolation is done.

For wavelengths 18-23, 23-32, 32-44, 33-60, 60-70 etc up to 1040-1050,
cross sections are from Stan solomon based on Henke below 50A and Fennelly and Torr above.
For wavelengths 1050-1060 up to 1390-1400A, values of O2 Absorption come from Rod Viereck
thermsopheric heating routine (in ../ROD/solflux_RAV.f)
For wavelengths from 1400-1410 up to 1790-1800, values are simple averages from BRUNOUT_O2.dat
(file from Rod with references inside file), stored on apl machine in /alison/Cross_sections/ROD/

I have added lyman alpha as a seperate line at 1215.67A

