  2.5950E-07  1060e-20
  2.6050E-07  1060e-20
  2.6150E-07  1060e-20
  2.6250E-07  1060e-20
  2.6350E-07  965e-20
  2.6450E-07  965e-20 
  2.6550E-07  965e-20
  2.6650E-07  965e-20 
  2.6750E-07  834e-20 
  2.6850E-07  834e-20 
  2.6950E-07  834e-20 
  2.7050E-07  692e-20 
  2.7150E-07  692e-20 
  2.7250E-07  692e-20 
  2.7350E-07  692e-20 
  2.7450E-07  542e-20 
  2.7550E-07  542e-20 
  2.7650E-07  542e-20 
  2.7750E-07  542e-20
  2.7850E-07  402e-20 
  2.7950E-07  402e-20 
  2.8050E-07  402e-20
  2.8150E-07  402e-20
  2.8250E-07  277e-20 
  2.8350E-07  277e-20 
  2.8450E-07  277e-20
  2.8550E-07  277e-20
  2.8650E-07  179e-20 
  2.8750E-07  179e-20 
  2.8850E-07  179e-20 
  2.8950E-07  179e-20 
  2.9050E-07  109e-20 
  2.9150E-07  109e-20 
  2.9250E-07  109e-20 
  2.9350E-07  109e-20
  2.9450E-07  62.4e-20 
  2.9550E-07  62.4e-20 
  2.9650E-07  62.4e-20 
  2.9750E-07  62.4e-20 
  2.9850E-07  62.4e-20 
  2.9950E-07  34.3e-20
  3.0050E-07  34.3e-20
  3.0150E-07  34.3e-20 
  3.0250E-07  34.3e-20 
  3.0350E-07  18.5e-20 
  3.0450E-07  18.5e-20 
  3.0550E-07  18.5e-20 
  3.0650E-07  18.5e-20 
  3.0750E-07  18.5e-20 
  3.0850E-07  9.8e-20
  3.0950E-07  9.8e-20
  3.1050E-07  9.8e-20 
  3.1150E-07  9.8e-20 
  3.1250E-07  9.8e-20 
  3.1350E-07  5.01e-20
  3.1450E-07  5.01e-20 
  3.1550E-07  5.01e-20 
  3.1650E-07  5.01e-20
  3.1750E-07  5.01e-20 
  3.1850E-07  2.49e-20 
  3.1950E-07  2.49e-20 
  3.2050E-07  2.49e-20
  3.2150E-07  2.49e-20 
  3.2250E-07  2.49e-20 
  3.2350E-07  1.2e-20
  3.2450E-07  1.2e-20 
  3.2550E-07  1.2e-20 
  3.2650E-07  1.2e-20 
  3.2750E-07  1.2e-20 
  3.2850E-07  0.617e-20 
  3.2950E-07  0.617e-20 
  3.3050E-07  0.617e-20
  3.3150E-07  0.617e-20 
  3.3250E-07  0.617e-20 
  3.3350E-07  0.274e-20 
  3.3450E-07  0.274e-20 
  3.3550E-07  0.274e-20 
  3.3650E-07  0.274e-20 
  3.3750E-07  0.274e-20 
  3.3850E-07  0.117e-20 
  3.3950E-07  0.117e-20 
  3.4050E-07  0.117e-20 
  3.4150E-07  0.117e-20 
  3.4250E-07  0.117e-20 
  3.4350E-07  0.05e-20 
  3.4450E-07  0.05e-20 
  3.4550E-07  0.05e-20
  3.4650E-07  0.05e-20 
  3.4750E-07  0.05e-20 
  3.4850E-07  0.023e-20 
  3.4950E-07  0.023e-20 
  3.5050E-07  0.023e-20 
  3.5150E-07  0.023e-20 
  ----------------------
O3 absorption cross sections from JPL 2003
Column 1 = wavelength (m)
Column 2 = O3 Abs X section (cm-2)

