  2.0500E+01  3.5826E+05  2.9733E+05  4.1630E+05  4.5822E+05  5.4980E+05  6.6938E+05  8.3982E+05  1.0019E+06  1.2339E+06  1.4849E+06  1.8105E+06 
  2.7500E+01  2.3118E+08  1.9701E+08  2.6781E+08  2.9503E+08  3.5203E+08  4.2685E+08  5.3252E+08  6.3564E+08  7.8177E+08  9.4055E+08  1.1442E+09
  3.8000E+01  1.9936E+08  1.7130E+08  2.3717E+08  2.6329E+08  3.1484E+08  3.8059E+08  4.7186E+08  5.5757E+08  6.7792E+08  8.0610E+08  9.7105E+08
  5.2000E+01  3.5876E+08  3.3606E+08  4.8161E+08  6.0772E+08  6.9725E+08  8.1472E+08  8.9743E+08  1.0773E+09  1.2450E+09  1.3137E+09  1.4703E+09
  6.5000E+01  2.9460E+08  2.8996E+08  3.5673E+08  6.3945E+08  6.4860E+08  7.4206E+08  5.7516E+08  9.5742E+08  1.2080E+09  1.0815E+09  1.1926E+09
  7.5000E+01  3.7421E+08  3.6815E+08  4.5246E+08  8.1034E+08  8.2150E+08  9.3933E+08  7.2796E+08  1.2123E+09  1.5289E+09  1.3688E+09  1.5093E+09
  8.5000E+01  3.7666E+08  3.7069E+08  4.5595E+08  8.1716E+08  8.2875E+08  9.4805E+08  7.3479E+08  1.2233E+09  1.5433E+09  1.3817E+09  1.5236E+09
  9.5000E+01  3.9699E+08  3.9069E+08  4.8058E+08  8.6142E+08  8.7363E+08  9.9941E+08  7.7457E+08  1.2896E+09  1.6270E+09  1.4566E+09  1.6062E+09
  1.0500E+02  3.6685E+08  3.6078E+08  4.4321E+08  7.9364E+08  8.0429E+08  9.1934E+08  7.1231E+08  1.1869E+09  1.4965E+09  1.3397E+09  1.4772E+09
  1.1500E+02  3.6231E+08  3.5620E+08  4.3725E+08  7.8245E+08  7.9265E+08  9.0565E+08  7.0163E+08  1.1694E+09  1.4740E+09  1.3195E+09  1.4549E+09
  1.2500E+02  3.4967E+08  3.4384E+08  4.2226E+08  7.5591E+08  7.6593E+08  8.7534E+08  6.7818E+08  1.1302E+09  1.4248E+09  1.2755E+09  1.4064E+09
  1.3500E+02  3.3266E+08  3.2673E+08  4.0021E+08  7.1481E+08  7.2332E+08  8.2539E+08  6.3927E+08  1.0665E+09  1.3429E+09  1.2021E+09  1.3253E+09
  1.4500E+02  2.6856E+08  2.6395E+08  3.2424E+08  5.8127E+08  5.8875E+08  6.7274E+08  5.2080E+08  8.6925E+08  1.0958E+09  9.8084E+08  1.0816E+09
  1.5500E+02  2.2699E+08  2.2341E+08  2.7467E+08  4.9183E+08  4.9881E+08  5.7055E+08  4.4234E+08  7.3600E+08  9.2842E+08  8.3126E+08  9.1658E+08
  1.6500E+02  1.8297E+08  1.7964E+08  2.1837E+08  3.8676E+08  3.9379E+08  4.5316E+08  3.5188E+08  5.8298E+08  7.4299E+08  6.6436E+08  7.3449E+08
  1.7500E+02  1.2671E+08  1.2445E+08  1.5055E+08  2.6463E+08  2.7022E+08  3.1195E+08  2.4286E+08  4.0007E+08  5.1221E+08  4.5795E+08  5.0675E+08
  1.8500E+02  4.0565E+08  4.0595E+08  5.0102E+08  8.6823E+08  8.8321E+08  1.0017E+09  7.9355E+08  1.2686E+09  1.5705E+09  1.4173E+09  1.5508E+09
  1.9500E+02  3.4172E+08  3.4235E+08  4.2502E+08  7.4271E+08  7.5647E+08  8.5985E+08  6.8000E+08  1.0901E+09  1.3524E+09  1.2199E+09  1.3355E+09
  2.0500E+02  2.6308E+08  2.6329E+08  3.2679E+08  5.7257E+08  5.8364E+08  6.6473E+08  5.2495E+08  8.4345E+08  1.0496E+09  9.4605E+08  1.0367E+09
  2.1500E+02  2.5151E+08  2.5118E+08  3.1157E+08  5.4923E+08  5.6194E+08  6.4454E+08  5.0757E+08  8.1857E+08  1.0289E+09  9.2563E+08  1.0172E+09
  2.2500E+02  2.2235E+08  2.2182E+08  2.7565E+08  4.8851E+08  4.9937E+08  5.7275E+08  4.4995E+08  7.2908E+08  9.1672E+08  8.2421E+08  9.0610E+08
  2.3500E+02  1.6390E+08  1.6350E+08  2.0319E+08  3.6016E+08  3.6815E+08  4.2224E+08  3.3168E+08  5.3754E+08  6.7588E+08  6.0767E+08  6.6805E+08
  2.4500E+02  1.4962E+08  1.4927E+08  1.8547E+08  3.2855E+08  3.3588E+08  3.8523E+08  3.0269E+08  4.9030E+08  6.1647E+08  5.5428E+08  6.0934E+08
  2.5500E+02  1.3577E+08  1.3287E+08  1.7299E+08  2.4896E+08  2.6962E+08  3.1141E+08  2.9745E+08  4.0242E+08  4.8429E+08  4.7323E+08  5.2410E+08
  2.6500E+02  1.0686E+08  1.0644E+08  1.3528E+08  2.5320E+08  2.6443E+08  3.1476E+08  2.4359E+08  4.0254E+08  5.3052E+08  4.7290E+08  5.2656E+08
  2.7500E+02  4.6845E+08  4.6627E+08  5.9592E+08  7.4414E+08  8.2982E+08  9.5098E+08  1.0032E+09  1.2079E+09  1.3956E+09  1.4397E+09  1.5881E+09
  2.8500E+02  2.5415E+08  2.3712E+08  2.9915E+08  3.2930E+08  3.8017E+08  4.4259E+08  5.2452E+08  5.9961E+08  6.9990E+08  8.0218E+08  9.3027E+08
  2.9500E+02  2.4691E+08  2.4931E+08  3.3144E+08  3.7748E+08  4.3886E+08  5.0539E+08  5.8379E+08  6.4390E+08  7.1721E+08  7.8131E+08  8.6153E+08
  3.0500E+02  1.1405E+10  1.1360E+10  1.3358E+10  2.0989E+10  2.1460E+10  2.4186E+10  1.9953E+10  3.0068E+10  3.6959E+10  3.3845E+10  3.7003E+10
  3.1500E+02  6.9912E+08  7.0525E+08  9.2755E+08  1.0600E+09  1.2380E+09  1.4363E+09  1.6710E+09  1.8649E+09  2.1011E+09  2.3166E+09  2.5781E+09
  3.2500E+02  9.1235E+06  8.4985E+06  1.0127E+07  1.1012E+07  1.2687E+07  1.5027E+07  1.8306E+07  2.2035E+07  2.7260E+07  3.3235E+07  4.0666E+07
  3.3500E+02  6.6161E+07  6.0065E+07  7.4686E+07  8.1938E+07  9.6040E+07  1.1548E+08  1.4282E+08  1.7294E+08  2.1528E+08  2.6324E+08  3.2329E+08
  3.4500E+02  6.9391E+08  7.2497E+08  9.5223E+08  1.0961E+09  1.2776E+09  1.4754E+09  1.7026E+09  1.8888E+09  2.1098E+09  2.3072E+09  2.5434E+09
  3.5500E+02  1.7574E+08  1.7595E+08  2.3686E+08  2.7037E+08  3.1575E+08  3.6513E+08  4.2374E+08  4.6859E+08  5.2366E+08  5.7196E+08  6.3270E+08
  3.6500E+02  1.3664E+09  1.4674E+09  1.9489E+09  2.2425E+09  2.5972E+09  2.9690E+09  3.3890E+09  3.7098E+09  4.0883E+09  4.4129E+09  4.8124E+09
  3.7500E+02  0.0000E+00  0.0000E+00  0.0000E+00  0.0000E+00  0.0000E+00  0.0000E+00  0.0000E+00  0.0000E+00  0.0000E+00  0.0000E+00  0.0000E+00
  3.8500E+02  0.0000E+00  0.0000E+00  0.0000E+00  0.0000E+00  0.0000E+00  0.0000E+00  0.0000E+00  0.0000E+00  0.0000E+00  0.0000E+00  0.0000E+00
  3.9500E+02  2.6804E+07  2.6751E+07  3.5940E+07  4.0932E+07  4.7728E+07  5.5117E+07  6.3908E+07  7.0585E+07  7.8804E+07  8.5995E+07  9.5079E+07
  4.0500E+02  2.9143E+08  3.1730E+08  4.1845E+08  4.8331E+08  5.5975E+08  6.3959E+08  7.2822E+08  7.9690E+08  8.7621E+08  9.4364E+08  1.0247E+09
  4.1500E+02  1.5696E+07  1.5680E+07  2.0156E+07  2.2834E+07  2.6511E+07  3.0678E+07  3.5663E+07  3.9901E+07  4.5109E+07  4.9955E+07  5.5809E+07
  4.2500E+02  0.0000E+00  0.0000E+00  0.0000E+00  0.0000E+00  0.0000E+00  0.0000E+00  0.0000E+00  0.0000E+00  0.0000E+00  0.0000E+00  0.0000E+00
  4.3500E+02  3.3272E+08  3.6158E+08  4.8030E+08  5.5401E+08  6.4113E+08  7.3132E+08  8.3167E+08  9.0694E+08  9.9422E+08  1.0671E+09  1.1564E+09
  4.4500E+02  0.0000E+00  0.0000E+00  0.0000E+00  0.0000E+00  0.0000E+00  0.0000E+00  0.0000E+00  0.0000E+00  0.0000E+00  0.0000E+00  0.0000E+00
  4.5500E+02  1.8635E+07  1.8651E+07  2.2491E+07  3.7122E+07  3.7384E+07  4.1529E+07  3.3388E+07  5.2156E+07  6.2909E+07  5.7110E+07  6.2010E+07
  4.6500E+02  3.5009E+08  3.4778E+08  4.1575E+08  6.8835E+08  6.9312E+08  7.7330E+08  6.1782E+08  9.7619E+08  1.1892E+09  1.0761E+09  1.1726E+09
  4.7500E+02  5.9214E+07  5.9264E+07  7.1465E+07  1.1796E+08  1.1879E+08  1.3196E+08  1.0609E+08  1.6573E+08  1.9990E+08  1.8147E+08  1.9704E+08
  4.8500E+02  1.1895E+08  1.1853E+08  1.4192E+08  2.3404E+08  2.3606E+08  2.6355E+08  2.1122E+08  3.3165E+08  4.0420E+08  3.6600E+08  3.9876E+08
  4.9500E+02  3.0368E+08  3.0450E+08  3.6386E+08  5.8845E+08  5.9499E+08  6.6238E+08  5.3700E+08  8.2466E+08  9.9714E+08  9.0668E+08  9.8415E+08
  5.0500E+02  2.9397E+08  3.1764E+08  3.6532E+08  4.4122E+08  4.7240E+08  5.1907E+08  4.9576E+08  5.3388E+08  5.9804E+08  5.8228E+08  6.0150E+08
  5.1500E+02  1.9725E+08  1.9725E+08  1.9725E+08  1.9725E+08  1.9725E+08  1.9725E+08  1.9725E+08  1.9725E+08  1.9725E+08  1.9725E+08  1.9725E+08
  5.2500E+02  6.2692E+08  6.5093E+08  7.0169E+08  7.8739E+08  8.1825E+08  8.6661E+08  8.3839E+08  8.8812E+08  9.5678E+08  9.3792E+08  9.5947E+08
  5.3500E+02  2.3020E+08  2.3058E+08  2.3505E+08  2.4967E+08  2.4865E+08  2.5047E+08  2.4310E+08  2.6083E+08  2.6656E+08  2.6200E+08  2.6526E+08
  5.4500E+02  1.8774E+08  1.8543E+08  1.9481E+08  2.3840E+08  2.2950E+08  2.2898E+08  2.0463E+08  2.6608E+08  2.7767E+08  2.6280E+08  2.7216E+08
  5.5500E+02  1.0152E+09  1.0343E+09  1.0450E+09  1.0050E+09  1.0417E+09  1.0714E+09  1.1054E+09  1.0068E+09  1.0232E+09  1.0430E+09  1.0362E+09
  5.6500E+02  2.1659E+08  2.1395E+08  2.1898E+08  2.4807E+08  2.4030E+08  2.3807E+08  2.2106E+08  2.6480E+08  2.7080E+08  2.6048E+08  2.6661E+08
  5.7500E+02  2.0204E+08  2.2167E+08  2.4865E+08  2.6592E+08  2.9701E+08  3.3210E+08  3.3662E+08  3.0987E+08  3.4709E+08  3.4872E+08  3.5459E+08
  5.8500E+02  9.8888E+08  1.0030E+09  1.1334E+09  1.5760E+09  1.6158E+09  1.7790E+09  1.5391E+09  2.0750E+09  2.4514E+09  2.2745E+09  2.4334E+09
  5.9500E+02  2.5695E+08  2.8123E+08  3.1550E+08  3.4017E+08  3.7825E+08  4.2191E+08  4.2577E+08  3.9691E+08  4.4410E+08  4.4505E+08  4.5305E+08
  6.0500E+02  5.7348E+08  5.5529E+08  5.9947E+08  8.3501E+08  7.7831E+08  7.6706E+08  6.3143E+08  9.7737E+08  1.0332E+09  9.5043E+08  1.0010E+09
  6.1500E+02  2.8788E+08  2.7993E+08  3.0026E+08  4.0680E+08  3.8120E+08  3.7599E+08  3.1489E+08  4.7077E+08  4.9546E+08  4.5829E+08  4.8092E+08
  6.2500E+02  1.1521E+09  1.3127E+09  1.4422E+09  1.2521E+09  1.5444E+09  1.8053E+09  2.0152E+09  1.3730E+09  1.5614E+09  1.6813E+09  1.6564E+09
  6.3500E+02  3.4397E+08  4.0433E+08  4.4534E+08  3.4611E+08  4.5919E+08  5.5502E+08  6.4844E+08  3.7156E+08  4.3267E+08  4.8665E+08  4.7117E+08
  6.4500E+02  1.4410E+08  1.5308E+08  1.6123E+08  1.5388E+08  1.6986E+08  1.8472E+08  1.9475E+08  1.6301E+08  1.7471E+08  1.8036E+08  1.7969E+08
  6.5500E+02  1.1866E+08  1.0576E+08  1.0227E+08  1.4260E+08  1.1625E+08  9.7286E+07  6.7337E+07  1.5094E+08  1.4459E+08  1.2690E+08  1.3442E+08
  6.6500E+02  1.1473E+08  1.2485E+08  1.4014E+08  1.5410E+08  1.6955E+08  1.8804E+08  1.8773E+08  1.8039E+08  2.0135E+08  2.0056E+08  2.0470E+08
  6.7500E+02  1.1237E+08  1.1380E+08  1.2435E+08  1.5681E+08  1.5549E+08  1.6051E+08  1.4454E+08  1.8248E+08  1.9611E+08  1.8619E+08  1.9349E+08
  6.8500E+02  2.3194E+08  2.2957E+08  2.3676E+08  2.7266E+08  2.6455E+08  2.6332E+08  2.4295E+08  2.9470E+08  3.0351E+08  2.9110E+08  2.9875E+08
  6.9500E+02  1.9577E+08  1.8590E+08  1.8180E+08  2.0745E+08  1.8790E+08  1.7298E+08  1.5279E+08  2.1009E+08  2.0341E+08  1.9156E+08  1.9616E+08
  7.0500E+02  2.2390E+09  2.1535E+09  1.9728E+09  1.6686E+09  1.5600E+09  1.3899E+09  1.4896E+09  1.3137E+09  1.0731E+09  1.1393E+09  1.0638E+09
  7.1500E+02  2.2247E+08  2.2031E+08  2.2083E+08  2.3157E+08  2.2671E+08  2.2386E+08  2.1677E+08  2.3585E+08  2.3619E+08  2.3195E+08  2.3408E+08
  7.2500E+02  3.2810E+07  3.5891E+07  4.0658E+07  4.5302E+07  4.9962E+07  5.5625E+07  5.5325E+07  5.3594E+07  6.0114E+07  5.9747E+07  6.1096E+07
  7.3500E+02  4.2429E+07  4.6414E+07  5.2579E+07  5.8584E+07  6.4611E+07  7.1933E+07  7.1546E+07  6.9308E+07  7.7739E+07  7.7265E+07  7.9009E+07
  7.4500E+02  5.3939E+07  5.9005E+07  6.6842E+07  7.4475E+07  8.2137E+07  9.1446E+07  9.0953E+07  8.8108E+07  9.8826E+07  9.8224E+07  1.0044E+08
  7.5500E+02  3.5103E+08  3.9515E+08  4.2690E+08  3.6080E+08  4.4271E+08  5.1327E+08  5.7819E+08  3.8404E+08  4.3096E+08  4.6834E+08  4.5845E+08
  7.6500E+02  8.3900E+08  9.2701E+08  9.9663E+08  8.8758E+08  1.0484E+09  1.1909E+09  1.3085E+09  9.5036E+08  1.0519E+09  1.1192E+09  1.1045E+09
  7.7500E+02  5.7108E+08  5.4628E+08  5.8256E+08  8.1628E+08  7.4772E+08  7.2365E+08  5.8455E+08  9.4480E+08  9.8728E+08  9.0305E+08  9.5191E+08
  7.8500E+02  1.0726E+09  1.1619E+09  1.2388E+09  1.1514E+09  1.3118E+09  1.4582E+09  1.5654E+09  1.2318E+09  1.3429E+09  1.4036E+09  1.3938E+09
  7.9500E+02  6.3328E+08  6.6468E+08  7.2003E+08  7.9192E+08  8.3660E+08  8.9626E+08  8.8038E+08  8.9413E+08  9.6918E+08  9.5754E+08  9.7670E+08
  8.0500E+02  2.4702E+08  2.7022E+08  3.0611E+08  3.4107E+08  3.7616E+08  4.1879E+08  4.1653E+08  4.0350E+08  4.5259E+08  4.4983E+08  4.5998E+08
  8.1500E+02  3.1728E+08  3.4707E+08  3.9317E+08  4.3808E+08  4.8314E+08  5.3790E+08  5.3500E+08  5.1826E+08  5.8131E+08  5.7777E+08  5.9081E+08
  8.2500E+02  4.0866E+08  4.4705E+08  5.0642E+08  5.6426E+08  6.2231E+08  6.9283E+08  6.8910E+08  6.6755E+08  7.4875E+08  7.4419E+08  7.6099E+08
  8.3500E+02  1.5667E+09  1.6732E+09  1.8315E+09  1.9678E+09  2.1318E+09  2.3257E+09  2.3281E+09  2.2372E+09  2.4542E+09  2.4493E+09  2.4906E+09
  8.4500E+02  6.7458E+08  7.3793E+08  8.3595E+08  9.3142E+08  1.0272E+09  1.1437E+09  1.1375E+09  1.1019E+09  1.2360E+09  1.2284E+09  1.2562E+09
  8.5500E+02  8.6766E+08  9.4914E+08  1.0752E+09  1.1980E+09  1.3213E+09  1.4710E+09  1.4631E+09  1.4173E+09  1.5897E+09  1.5800E+09  1.6157E+09
  8.6500E+02  1.1138E+09  1.2184E+09  1.3803E+09  1.5379E+09  1.6961E+09  1.8883E+09  1.8782E+09  1.8194E+09  2.0407E+09  2.0283E+09  2.0741E+09
  8.7500E+02  1.4311E+09  1.5655E+09  1.7735E+09  1.9760E+09  2.1793E+09  2.4263E+09  2.4132E+09  2.3377E+09  2.6221E+09  2.6061E+09  2.6649E+09
  8.8500E+02  1.8396E+09  2.0124E+09  2.2797E+09  2.5400E+09  2.8013E+09  3.1188E+09  3.1020E+09  3.0049E+09  3.3705E+09  3.3499E+09  3.4256E+09
  8.9500E+02  2.3620E+09  2.5838E+09  2.9270E+09  3.2613E+09  3.5968E+09  4.0044E+09  3.9828E+09  3.8582E+09  4.3276E+09  4.3012E+09  4.3983E+09
  9.0500E+02  3.1937E+09  3.5144E+09  3.9898E+09  4.3975E+09  4.8912E+09  5.4745E+09  5.4828E+09  5.2061E+09  5.8582E+09  5.8444E+09  5.9681E+09
  9.1500E+02  1.6556E+09  1.8094E+09  2.0064E+09  2.0895E+09  2.3391E+09  2.6100E+09  2.6727E+09  2.3963E+09  2.6696E+09  2.6992E+09  2.7337E+09
  9.2500E+02  8.6965E+08  9.9269E+08  1.1203E+09  1.0781E+09  1.2903E+09  1.4983E+09  1.6052E+09  1.2452E+09  1.4258E+09  1.4844E+09  1.4881E+09
  9.3500E+02  7.9911E+08  8.9500E+08  1.0118E+09  1.0418E+09  1.1999E+09  1.3670E+09  1.4175E+09  1.2174E+09  1.3801E+09  1.4056E+09  1.4223E+09
  9.4500E+02  6.0998E+08  7.4329E+08  9.4279E+08  1.1192E+09  1.3236E+09  1.5667E+09  1.5665E+09  1.4603E+09  1.7338E+09  1.7259E+09  1.7788E+09
  9.5500E+02  8.9669E+07  9.8091E+07  1.1112E+08  1.2381E+08  1.3655E+08  1.5202E+08  1.5120E+08  1.4647E+08  1.6429E+08  1.6329E+08  1.6698E+08
  9.6500E+02  1.0753E+08  1.1763E+08  1.3326E+08  1.4847E+08  1.6375E+08  1.8231E+08  1.8133E+08  1.7565E+08  1.9702E+08  1.9582E+08  2.0024E+08
  9.7500E+02  8.6861E+09  8.6982E+09  8.7170E+09  8.7352E+09  8.7535E+09  8.7758E+09  8.7746E+09  8.7678E+09  8.7935E+09  8.7920E+09  8.7973E+09
  9.8500E+02  6.9762E+08  8.8217E+08  1.1066E+09  1.1629E+09  1.4674E+09  1.7889E+09  1.8868E+09  1.4997E+09  1.8125E+09  1.8619E+09  1.8938E+09
  9.9500E+02  1.0086E+09  9.5862E+08  1.0149E+09  1.4244E+09  1.2934E+09  1.2401E+09  9.9185E+08  1.6392E+09  1.7034E+09  1.5534E+09  1.6383E+09
  1.0050E+03  2.2108E+08  2.4184E+08  2.7396E+08  3.0525E+08  3.3665E+08  3.7481E+08  3.7279E+08  3.6113E+08  4.0506E+08  4.0259E+08  4.1167E+08
  1.0150E+03  4.1779E+09  4.3170E+09  4.5953E+09  5.0333E+09  5.2139E+09  5.4825E+09  5.3502E+09  5.5648E+09  5.9307E+09  5.8420E+09  5.9509E+09
  1.0250E+03  4.2520E+09  4.2971E+09  4.8665E+09  6.8264E+09  6.8828E+09  7.4277E+09  6.3861E+09  8.7775E+09  1.0110E+10  9.3885E+09  9.9936E+09
  1.0350E+03  4.4503E+09  4.4859E+09  4.5410E+09  4.5947E+09  4.6485E+09  4.7140E+09  4.7105E+09  4.6905E+09  4.7659E+09  4.7617E+09  4.7773E+09
  1.0450E+03  4.5281E+08  4.9534E+08  5.6113E+08  6.2521E+08  6.8953E+08  7.6768E+08  7.6355E+08  7.3966E+08  8.2964E+08  8.2458E+08  8.4319E+08
  1.0550E+03  5.2992E+08  5.7969E+08  6.5668E+08  7.3168E+08  8.0695E+08  8.9840E+08  8.9357E+08  8.6561E+08  9.7092E+08  9.6500E+08  9.8678E+08
  1.0650E+03  7.3522E+08  8.0427E+08  9.1109E+08  1.0151E+09  1.1196E+09  1.2465E+09  1.2397E+09  1.2010E+09  1.3471E+09  1.3388E+09  1.3691E+09
  1.0750E+03  9.5677E+08  1.0466E+09  1.1856E+09  1.3210E+09  1.4570E+09  1.6221E+09  1.6133E+09  1.5629E+09  1.7530E+09  1.7423E+09  1.7816E+09
  1.0850E+03  1.8445E+09  2.0177E+09  2.2857E+09  2.5468E+09  2.8088E+09  3.1271E+09  3.1102E+09  3.0129E+09  3.3795E+09  3.3589E+09  3.4347E+09
  1.0950E+03  1.0858E+09  1.1878E+09  1.3456E+09  1.4992E+09  1.6535E+09  1.8408E+09  1.8309E+09  1.7737E+09  1.9894E+09  1.9773E+09  2.0219E+09
  1.1050E+03  0.0000E+00  0.0000E+00  0.0000E+00  0.0000E+00  0.0000E+00  0.0000E+00  0.0000E+00  0.0000E+00  0.0000E+00  0.0000E+00  0.0000E+00
  1.1150E+03  0.0000E+00  0.0000E+00  0.0000E+00  0.0000E+00  0.0000E+00  0.0000E+00  0.0000E+00  0.0000E+00  0.0000E+00  0.0000E+00  0.0000E+00
  1.1250E+03  1.1709E+09  1.2809E+09  1.4511E+09  1.6168E+09  1.7831E+09  1.9852E+09  1.9745E+09  1.9127E+09  2.1454E+09  2.1323E+09  2.1805E+09
  1.1350E+03  0.0000E+00  0.0000E+00  0.0000E+00  0.0000E+00  0.0000E+00  0.0000E+00  0.0000E+00  0.0000E+00  0.0000E+00  0.0000E+00  0.0000E+00
  1.1450E+03  0.0000E+00  0.0000E+00  0.0000E+00  0.0000E+00  0.0000E+00  0.0000E+00  0.0000E+00  0.0000E+00  0.0000E+00  0.0000E+00  0.0000E+00
  1.1550E+03  0.0000E+00  0.0000E+00  0.0000E+00  0.0000E+00  0.0000E+00  0.0000E+00  0.0000E+00  0.0000E+00  0.0000E+00  0.0000E+00  0.0000E+00
  1.1650E+03  0.0000E+00  0.0000E+00  0.0000E+00  0.0000E+00  0.0000E+00  0.0000E+00  0.0000E+00  0.0000E+00  0.0000E+00  0.0000E+00  0.0000E+00
  1.1750E+03  4.6640E+09  5.1021E+09  5.7797E+09  6.4398E+09  7.1023E+09  7.9072E+09  7.8646E+09  7.6186E+09  8.5454E+09  8.4933E+09  8.6850E+09
  1.1850E+03  0.0000E+00  0.0000E+00  0.0000E+00  0.0000E+00  0.0000E+00  0.0000E+00  0.0000E+00  0.0000E+00  0.0000E+00  0.0000E+00  0.0000E+00
  1.1950E+03  0.0000E+00  0.0000E+00  0.0000E+00  0.0000E+00  0.0000E+00  0.0000E+00  0.0000E+00  0.0000E+00  0.0000E+00  0.0000E+00  0.0000E+00
  1.2050E+03  7.1226E+09  7.7915E+09  8.8264E+09  9.8344E+09  1.0846E+10  1.2075E+10  1.2010E+10  1.1635E+10  1.3050E+10  1.2970E+10  1.3263E+10
  1.2150E+03  0.0000E+00  0.0000E+00  0.0000E+00  0.0000E+00  0.0000E+00  0.0000E+00  0.0000E+00  0.0000E+00  0.0000E+00  0.0000E+00  0.0000E+00
  1.21567E+03  3.5200E+11  3.6200E+11  3.9700E+11  4.8300E+11  4.9000E+11  5.1400E+11  4.7600E+11  5.6100E+11  6.0700E+11  5.8300E+11  6.0300E+11
  1.2250E+03  7.2925E+10  7.2925E+10  7.2925E+10  7.2925E+10  7.2925E+10  7.2925E+10  7.2925E+10  7.2925E+10  7.2925E+10  7.2925E+10  7.2925E+10
  1.2350E+03  2.9619E+09  2.9619E+09  2.9619E+09  2.9619E+09  2.9619E+09  2.9619E+09  2.9619E+09  2.9619E+09  2.9619E+09  2.9619E+09  2.9619E+09
  1.2450E+03  2.1490E+09  2.1490E+09  2.1490E+09  2.1490E+09  2.1490E+09  2.1490E+09  2.1490E+09  2.1490E+09  2.1490E+09  2.1490E+09  2.1490E+09
  1.2550E+03  1.8185E+09  1.8185E+09  1.8185E+09  1.8185E+09  1.8185E+09  1.8185E+09  1.8185E+09  1.8185E+09  1.8185E+09  1.8185E+09  1.8185E+09
  1.2650E+03  2.2407E+09  2.2407E+09  2.2407E+09  2.2407E+09  2.2407E+09  2.2407E+09  2.2407E+09  2.2407E+09  2.2407E+09  2.2407E+09  2.2407E+09
  1.2750E+03  1.3635E+09  1.3635E+09  1.3635E+09  1.3635E+09  1.3635E+09  1.3635E+09  1.3635E+09  1.3635E+09  1.3635E+09  1.3635E+09  1.3635E+09
  1.2850E+03  1.1158E+09  1.1158E+09  1.1158E+09  1.1158E+09  1.1158E+09  1.1158E+09  1.1158E+09  1.1158E+09  1.1158E+09  1.1158E+09  1.1158E+09
  1.2950E+03  2.6005E+09  2.6005E+09  2.6005E+09  2.6005E+09  2.6005E+09  2.6005E+09  2.6005E+09  2.6005E+09  2.6005E+09  2.6005E+09  2.6005E+09
  1.3050E+03  7.9131E+09  7.9131E+09  7.9131E+09  7.9131E+09  7.9131E+09  7.9131E+09  7.9131E+09  7.9131E+09  7.9131E+09  7.9131E+09  7.9131E+09
  1.3150E+03  2.6334E+09  2.6334E+09  2.6334E+09  2.6334E+09  2.6334E+09  2.6334E+09  2.6334E+09  2.6334E+09  2.6334E+09  2.6334E+09  2.6334E+09
  1.3250E+03  2.7487E+09  2.7487E+09  2.7487E+09  2.7487E+09  2.7487E+09  2.7487E+09  2.7487E+09  2.7487E+09  2.7487E+09  2.7487E+09  2.7487E+09
  1.3350E+03  1.1277E+10  1.1277E+10  1.1277E+10  1.1277E+10  1.1277E+10  1.1277E+10  1.1277E+10  1.1277E+10  1.1277E+10  1.1277E+10  1.1277E+10
  1.3450E+03  3.0918E+09  3.0918E+09  3.0918E+09  3.0918E+09  3.0918E+09  3.0918E+09  3.0918E+09  3.0918E+09  3.0918E+09  3.0918E+09  3.0918E+09
  1.3550E+03  2.5902E+09  2.5902E+09  2.5902E+09  2.5902E+09  2.5902E+09  2.5902E+09  2.5902E+09  2.5902E+09  2.5902E+09  2.5902E+09  2.5902E+09
  1.3650E+03  2.1234E+09  2.1234E+09  2.1234E+09  2.1234E+09  2.1234E+09  2.1234E+09  2.1234E+09  2.1234E+09  2.1234E+09  2.1234E+09  2.1234E+09
  1.3750E+03  2.0187E+09  2.0187E+09  2.0187E+09  2.0187E+09  2.0187E+09  2.0187E+09  2.0187E+09  2.0187E+09  2.0187E+09  2.0187E+09  2.0187E+09
  1.3850E+03  2.7632E+09  2.7632E+09  2.7632E+09  2.7632E+09  2.7632E+09  2.7632E+09  2.7632E+09  2.7632E+09  2.7632E+09  2.7632E+09  2.7632E+09
  1.3950E+03  5.3039E+09  5.3039E+09  5.3039E+09  5.3039E+09  5.3039E+09  5.3039E+09  5.3039E+09  5.3039E+09  5.3039E+09  5.3039E+09  5.3039E+09
  1.4050E+03  4.2915E+09  4.2915E+09  4.2915E+09  4.2915E+09  4.2915E+09  4.2915E+09  4.2915E+09  4.2915E+09  4.2915E+09  4.2915E+09  4.2915E+09
  1.4150E+03  2.9931E+09  2.9931E+09  2.9931E+09  2.9931E+09  2.9931E+09  2.9931E+09  2.9931E+09  2.9931E+09  2.9931E+09  2.9931E+09  2.9931E+09
  1.4250E+03  3.3553E+09  3.3553E+09  3.3553E+09  3.3553E+09  3.3553E+09  3.3553E+09  3.3553E+09  3.3553E+09  3.3553E+09  3.3553E+09  3.3553E+09
  1.4350E+03  3.6869E+09  3.6869E+09  3.6869E+09  3.6869E+09  3.6869E+09  3.6869E+09  3.6869E+09  3.6869E+09  3.6869E+09  3.6869E+09  3.6869E+09
  1.4450E+03  3.7002E+09  3.7002E+09  3.7002E+09  3.7002E+09  3.7002E+09  3.7002E+09  3.7002E+09  3.7002E+09  3.7002E+09  3.7002E+09  3.7002E+09
  1.4550E+03  4.0492E+09  4.0492E+09  4.0492E+09  4.0492E+09  4.0492E+09  4.0492E+09  4.0492E+09  4.0492E+09  4.0492E+09  4.0492E+09  4.0492E+09
  1.4650E+03  5.2202E+09  5.2202E+09  5.2202E+09  5.2202E+09  5.2202E+09  5.2202E+09  5.2202E+09  5.2202E+09  5.2202E+09  5.2202E+09  5.2202E+09
  1.4750E+03  6.2926E+09  6.2926E+09  6.2926E+09  6.2926E+09  6.2926E+09  6.2926E+09  6.2926E+09  6.2926E+09  6.2926E+09  6.2926E+09  6.2926E+09
  1.4850E+03  6.1217E+09  6.1217E+09  6.1217E+09  6.1217E+09  6.1217E+09  6.1217E+09  6.1217E+09  6.1217E+09  6.1217E+09  6.1217E+09  6.1217E+09
  1.4950E+03  5.9803E+09  5.9803E+09  5.9803E+09  5.9803E+09  5.9803E+09  5.9803E+09  5.9803E+09  5.9803E+09  5.9803E+09  5.9803E+09  5.9803E+09
  1.5050E+03  6.5810E+09  6.5810E+09  6.5810E+09  6.5810E+09  6.5810E+09  6.5810E+09  6.5810E+09  6.5810E+09  6.5810E+09  6.5810E+09  6.5810E+09
  1.5150E+03  7.0582E+09  7.0582E+09  7.0582E+09  7.0582E+09  7.0582E+09  7.0582E+09  7.0582E+09  7.0582E+09  7.0582E+09  7.0582E+09  7.0582E+09
  1.5250E+03  8.9174E+09  8.9174E+09  8.9174E+09  8.9174E+09  8.9174E+09  8.9174E+09  8.9174E+09  8.9174E+09  8.9174E+09  8.9174E+09  8.9174E+09
  1.5350E+03  1.0025E+10  1.0025E+10  1.0025E+10  1.0025E+10  1.0025E+10  1.0025E+10  1.0025E+10  1.0025E+10  1.0025E+10  1.0025E+10  1.0025E+10
  1.5450E+03  1.5995E+10  1.5995E+10  1.5995E+10  1.5995E+10  1.5995E+10  1.5995E+10  1.5995E+10  1.5995E+10  1.5995E+10  1.5995E+10  1.5995E+10
  1.5550E+03  1.6763E+10  1.6763E+10  1.6763E+10  1.6763E+10  1.6763E+10  1.6763E+10  1.6763E+10  1.6763E+10  1.6763E+10  1.6763E+10  1.6763E+10
  1.5650E+03  1.4533E+10  1.4533E+10  1.4533E+10  1.4533E+10  1.4533E+10  1.4533E+10  1.4533E+10  1.4533E+10  1.4533E+10  1.4533E+10  1.4533E+10
  1.5750E+03  1.3597E+10  1.3597E+10  1.3597E+10  1.3597E+10  1.3597E+10  1.3597E+10  1.3597E+10  1.3597E+10  1.3597E+10  1.3597E+10  1.3597E+10
  1.5850E+03  1.3348E+10  1.3348E+10  1.3348E+10  1.3348E+10  1.3348E+10  1.3348E+10  1.3348E+10  1.3348E+10  1.3348E+10  1.3348E+10  1.3348E+10
  1.5950E+03  1.4066E+10  1.4066E+10  1.4066E+10  1.4066E+10  1.4066E+10  1.4066E+10  1.4066E+10  1.4066E+10  1.4066E+10  1.4066E+10  1.4066E+10
  1.6050E+03  1.5607E+10  1.5607E+10  1.5607E+10  1.5607E+10  1.5607E+10  1.5607E+10  1.5607E+10  1.5607E+10  1.5607E+10  1.5607E+10  1.5607E+10
  1.6150E+03  1.8091E+10  1.8091E+10  1.8091E+10  1.8091E+10  1.8091E+10  1.8091E+10  1.8091E+10  1.8091E+10  1.8091E+10  1.8091E+10  1.8091E+10
  1.6250E+03  2.0581E+10  2.0581E+10  2.0581E+10  2.0581E+10  2.0581E+10  2.0581E+10  2.0581E+10  2.0581E+10  2.0581E+10  2.0581E+10  2.0581E+10
  1.6350E+03  2.3355E+10  2.3355E+10  2.3355E+10  2.3355E+10  2.3355E+10  2.3355E+10  2.3355E+10  2.3355E+10  2.3355E+10  2.3355E+10  2.3355E+10
  1.6450E+03  2.4589E+10  2.4589E+10  2.4589E+10  2.4589E+10  2.4589E+10  2.4589E+10  2.4589E+10  2.4589E+10  2.4589E+10  2.4589E+10  2.4589E+10
  1.6550E+03  3.5798E+10  3.5798E+10  3.5798E+10  3.5798E+10  3.5798E+10  3.5798E+10  3.5798E+10  3.5798E+10  3.5798E+10  3.5798E+10  3.5798E+10
  1.6650E+03  3.3394E+10  3.3394E+10  3.3394E+10  3.3394E+10  3.3394E+10  3.3394E+10  3.3394E+10  3.3394E+10  3.3394E+10  3.3394E+10  3.3394E+10
  1.6750E+03  3.2634E+10  3.2634E+10  3.2634E+10  3.2634E+10  3.2634E+10  3.2634E+10  3.2634E+10  3.2634E+10  3.2634E+10  3.2634E+10  3.2634E+10
  1.6850E+03  3.8598E+10  3.8598E+10  3.8598E+10  3.8598E+10  3.8598E+10  3.8598E+10  3.8598E+10  3.8598E+10  3.8598E+10  3.8598E+10  3.8598E+10
  1.6950E+03  5.0085E+10  5.0085E+10  5.0085E+10  5.0085E+10  5.0085E+10  5.0085E+10  5.0085E+10  5.0085E+10  5.0085E+10  5.0085E+10  5.0085E+10
  1.7050E+03  5.6716E+10  5.6716E+10  5.6716E+10  5.6716E+10  5.6716E+10  5.6716E+10  5.6716E+10  5.6716E+10  5.6716E+10  5.6716E+10  5.6716E+10
  1.7150E+03  5.9325E+10  5.9325E+10  5.9325E+10  5.9325E+10  5.9325E+10  5.9325E+10  5.9325E+10  5.9325E+10  5.9325E+10  5.9325E+10  5.9325E+10
  1.7250E+03  6.2897E+10  6.2897E+10  6.2897E+10  6.2897E+10  6.2897E+10  6.2897E+10  6.2897E+10  6.2897E+10  6.2897E+10  6.2897E+10  6.2897E+10
  1.7350E+03  6.6690E+10  6.6690E+10  6.6690E+10  6.6690E+10  6.6690E+10  6.6690E+10  6.6690E+10  6.6690E+10  6.6690E+10  6.6690E+10  6.6690E+10
  1.7450E+03  7.9551E+10  7.9551E+10  7.9551E+10  7.9551E+10  7.9551E+10  7.9551E+10  7.9551E+10  7.9551E+10  7.9551E+10  7.9551E+10  7.9551E+10
  1.7550E+03  9.5211E+10  9.5211E+10  9.5211E+10  9.5211E+10  9.5211E+10  9.5211E+10  9.5211E+10  9.5211E+10  9.5211E+10  9.5211E+10  9.5211E+10
  1.7650E+03  1.0827E+11  1.0827E+11  1.0827E+11  1.0827E+11  1.0827E+11  1.0827E+11  1.0827E+11  1.0827E+11  1.0827E+11  1.0827E+11  1.0827E+11
  1.7750E+03  1.2521E+11  1.2521E+11  1.2521E+11  1.2521E+11  1.2521E+11  1.2521E+11  1.2521E+11  1.2521E+11  1.2521E+11  1.2521E+11  1.2521E+11
  1.7850E+03  1.3803E+11  1.3803E+11  1.3803E+11  1.3803E+11  1.3803E+11  1.3803E+11  1.3803E+11  1.3803E+11  1.3803E+11  1.3803E+11  1.3803E+11
  1.7950E+03  1.4224E+11  1.4224E+11  1.4224E+11  1.4224E+11  1.4224E+11  1.4224E+11  1.4224E+11  1.4224E+11  1.4224E+11  1.4224E+11  1.4224E+11
------------------------------------------------------------------------------------------------------------------------------------------------
  F107        67          85          102         120         137         155         172         190         208         225         243
------------------------------------------------------------------------------------------------------------------------------------------------
ALD: AUG 2003: DAT file of solar fluxes from Solar 2000 model (V24a) - see below for explanation
ALD: 20/8/03: This file contains lists of solar flux (photons cm-2s-1nm-1) at specific wavelengths (Angstroms).
Column 1 is wavelength bin - the first 5 bins are 18-23, 23-32, 32-44, 44-60 Angstrom bins, 
                             the others are 10 Angstrom bins (i.e.60-70, 70-80 etc).
                             (These bins have been chosen as I have corresponding photoabsorption
                              and ionisation cross sections.)
Columns 2 to 12 are photon fluxes at 1AU for the f107's listed.
These numbers have been obtained by running the solar2000 model avaiable at the following address:
http://www.sel.noaa.gov/spacewx/index.html
(Stored at UCL under /usr/users/alison/SOLAR2000/SOLAR2000). Results from runs with full date info etc are 
in /usr/users/alison/SOLAR2000/SOLAR2000/Results (listed by date), or listed by F107, 
/usr/users/alison/imre-home/IDLprograms/CMAT_view/Files_to_view/Solar_Flux/s2k_out_*.

